Time CaSSavg CaJSRavg JRyRtot PRyR_open PRyR_ready PNorm_mode PnotVinact PLType_open CaToT2 PIto2_open CaJSRtot CaSStot 
0  0.00023904 0.72773 8.2026e-06 0.0018 0.6638 0.996 0.941 0 6.807 0.001 0.00024961 2.2157
1  0.00022206 0.72758 6.9237e-06 0.0016 0.6642 0.996 0.941 0 6.8068 0.001 0.00024301 2.2155
2  0.00019817 0.72747 4.2242e-06 0.001 0.664 0.996 0.941 0 6.8065 0.003 0.00024042 2.2153
3  0.00017769 0.72741 3.3617e-06 0.0008 0.6646 0.996 0.941 0 6.8063 0.002 0.00023779 2.2151
4  0.00015766 0.7274 2.5562e-06 0.0006 0.6652 0.996 0.941 0 6.8062 0.002 0.00023263 2.2151
5  0.00015585 0.72742 3.4661e-06 0.0008 0.6652 0.996 0.942 0 6.8061 0 0.00023122 2.2152
6  0.00015597 0.72743 3.4839e-06 0.0008 0.666 0.996 0.942 0 6.806 0.001 0.00023114 2.2152
7  0.00015611 0.72744 3.5001e-06 0.0008 0.666 0.996 0.942 0 6.8059 0.001 0.00023109 2.2152
8  0.00015622 0.72745 2.6186e-06 0.0006 0.6668 0.996 0.943 0 6.8058 0.003 0.00023105 2.2152
9  0.00015634 0.72745 2.6303e-06 0.0006 0.6668 0.996 0.944 0 6.8057 0.003 0.00023101 2.2153
10  0.00029507 0.72745 2.62e-06 0.0006 0.6674 0.996 0.94 0.022 6.8061 0.003 0.00033395 2.2153
11  0.0014325 0.72727 3.2318e-05 0.0062 0.6618 0.993 0.938 0.084 6.8082 0.004 0.0010414 2.215
12  0.0019792 0.72657 5.6273e-05 0.011 0.6572 0.992 0.938 0.089 6.8113 0.017 0.0014206 2.2139
13  0.0030618 0.72497 0.00013112 0.0256 0.6416 0.988 0.939 0.089 6.8147 0.016 0.0018358 2.2113
14  0.0039477 0.72217 0.00019421 0.0386 0.6254 0.981 0.934 0.094 6.8177 0.013 0.0021592 2.2068
15  0.0049816 0.71823 0.00026223 0.0532 0.606 0.969 0.93 0.098 6.8208 0.017 0.0025137 2.2003
16  0.0055559 0.71338 0.00032934 0.068 0.5866 0.947 0.927 0.071 6.8232 0.028 0.002614 2.1922
17  0.0066619 0.70727 0.0004062 0.086 0.5632 0.935 0.92 0.074 6.8252 0.036 0.0028998 2.1819
18  0.0068981 0.70079 0.00042922 0.0926 0.5486 0.905 0.917 0.068 6.827 0.035 0.0031211 2.1707
19  0.007751 0.694 0.00048653 0.1066 0.5288 0.885 0.908 0.084 6.8287 0.041 0.0034286 2.1589
20  0.0082227 0.68684 0.00053987 0.1192 0.5076 0.861 0.906 0.082 6.8305 0.049 0.003683 2.1464
21  0.0091992 0.67975 0.00060366 0.135 0.4848 0.835 0.908 0.085 6.8325 0.032 0.0039509 2.1338
22  0.0091068 0.67163 0.0005997 0.1368 0.4694 0.811 0.905 0.078 6.8341 0.044 0.0040541 2.1193
23  0.0095105 0.66394 0.00062794 0.1454 0.4524 0.792 0.895 0.088 6.8355 0.051 0.0041853 2.1055
24  0.0095529 0.65591 0.00063177 0.149 0.4352 0.772 0.895 0.071 6.8368 0.051 0.0042538 2.0909
25  0.009893 0.64784 0.00065792 0.1572 0.4154 0.75 0.892 0.067 6.838 0.044 0.0043978 2.0761
26  0.0098407 0.64 0.00065385 0.1584 0.401 0.724 0.888 0.05 6.8389 0.058 0.0044482 2.0617
27  0.0095991 0.63336 0.00063894 0.1558 0.3898 0.699 0.884 0.06 6.8401 0.065 0.0045014 2.0494
28  0.0094954 0.62649 0.00062504 0.1536 0.3782 0.68 0.883 0.054 6.8414 0.039 0.004468 2.0366
29  0.0091671 0.62 0.00060751 0.1498 0.3686 0.666 0.88 0.054 6.8425 0.057 0.0045009 2.0246
30  0.0089612 0.6141 0.00059339 0.1474 0.3582 0.653 0.874 0.061 6.8437 0.055 0.0044653 2.0138
31  0.0088442 0.60822 0.00058592 0.1462 0.3486 0.633 0.872 0.053 6.8451 0.045 0.0045186 2.003
32  0.0088097 0.60244 0.00056852 0.1426 0.3402 0.623 0.87 0.063 6.8463 0.039 0.0045251 1.9923
33  0.0088198 0.59694 0.00057508 0.1448 0.328 0.614 0.867 0.054 6.8475 0.05 0.0045554 1.9822
34  0.0085963 0.59185 0.00056818 0.1438 0.3162 0.605 0.859 0.051 6.8482 0.042 0.0044736 1.9728
35  0.0084607 0.58651 0.00055528 0.1408 0.3062 0.59 0.853 0.044 6.8493 0.046 0.0044831 1.9629
36  0.0084816 0.5813 0.00054413 0.1386 0.2978 0.577 0.85 0.055 6.8501 0.05 0.0045364 1.9533
37  0.0082747 0.57658 0.00053115 0.1356 0.288 0.565 0.85 0.053 6.8512 0.053 0.0045032 1.9445
38  0.0079787 0.57244 0.00051113 0.1316 0.2822 0.557 0.846 0.046 6.8523 0.039 0.0043633 1.9368
39  0.0076128 0.56811 0.0004923 0.1274 0.2748 0.537 0.841 0.035 6.8533 0.04 0.0042289 1.9287
40  0.0073862 0.56414 0.00047979 0.1242 0.2674 0.529 0.836 0.038 6.8542 0.05 0.0041674 1.9214
41  0.0068136 0.56063 0.00044014 0.1146 0.2648 0.523 0.833 0.035 6.855 0.037 0.0039642 1.9149
42  0.0064166 0.55762 0.00041063 0.1076 0.2612 0.511 0.828 0.039 6.8557 0.038 0.0038166 1.9093
43  0.0062849 0.55489 0.00038937 0.1026 0.2582 0.505 0.827 0.042 6.8568 0.045 0.0038052 1.9042
44  0.0062077 0.55228 0.00037367 0.0988 0.2554 0.493 0.825 0.046 6.8577 0.031 0.0037579 1.8994
45  0.0060364 0.54976 0.00036398 0.0968 0.2512 0.482 0.821 0.038 6.8587 0.046 0.0036998 1.8947
46  0.0056764 0.54746 0.00034138 0.0916 0.2488 0.473 0.819 0.036 6.86 0.032 0.0035582 1.8904
47  0.0054017 0.5454 0.00032201 0.087 0.2468 0.466 0.812 0.033 6.8609 0.034 0.0034241 1.8865
48  0.00529 0.54352 0.00030915 0.0834 0.2424 0.46 0.811 0.034 6.8621 0.036 0.0033631 1.883
49  0.0050878 0.54196 0.00029237 0.079 0.2412 0.454 0.809 0.044 6.8631 0.041 0.0033534 1.8802
50  0.004991 0.54033 0.00027925 0.0758 0.238 0.454 0.808 0.034 6.8644 0.029 0.0032885 1.8771
51  0.0050423 0.53871 0.00026903 0.0736 0.234 0.453 0.805 0.036 6.8656 0.032 0.0032232 1.8741
52  0.0047898 0.53712 0.00025619 0.07 0.2318 0.448 0.802 0.036 6.8668 0.027 0.003108 1.8712
53  0.0046758 0.53557 0.0002469 0.0674 0.2288 0.442 0.799 0.045 6.8678 0.027 0.0030748 1.8683
54  0.0044519 0.53412 0.00023613 0.0648 0.2258 0.431 0.802 0.029 6.8689 0.034 0.0029459 1.8656
55  0.0042106 0.53282 0.00023083 0.0636 0.2236 0.425 0.795 0.027 6.8697 0.027 0.0028575 1.8631
56  0.0043196 0.53157 0.00022961 0.0634 0.221 0.415 0.792 0.031 6.8706 0.022 0.0028993 1.8608
57  0.0042354 0.53035 0.00021572 0.0604 0.2188 0.41 0.789 0.038 6.8716 0.024 0.0028922 1.8584
58  0.0038692 0.52934 0.00020143 0.0566 0.2182 0.408 0.793 0.028 6.8727 0.023 0.0027472 1.8565
59  0.0037399 0.52848 0.00018933 0.0534 0.217 0.403 0.791 0.032 6.8737 0.029 0.0027002 1.8549
60  0.0037986 0.52774 0.00018876 0.053 0.2138 0.396 0.79 0.036 6.8749 0.015 0.0026843 1.8535
61  0.0035842 0.52695 0.00017956 0.0506 0.2128 0.39 0.789 0.032 6.8761 0.023 0.0025828 1.852
62  0.003434 0.52627 0.00016874 0.0478 0.2122 0.386 0.785 0.027 6.877 0.023 0.00248 1.8508
63  0.0031988 0.52576 0.00015559 0.0442 0.212 0.382 0.781 0.033 6.878 0.018 0.002404 1.8499
64  0.0030423 0.52548 0.00014241 0.0406 0.2128 0.376 0.778 0.034 6.879 0.02 0.0023282 1.8494
65  0.0029301 0.52527 0.00013439 0.038 0.2118 0.372 0.777 0.034 6.8803 0.022 0.0023263 1.8492
66  0.002866 0.52508 0.00013044 0.0368 0.2106 0.367 0.778 0.031 6.8815 0.017 0.0022819 1.849
67  0.0026769 0.52483 0.00013283 0.0374 0.2088 0.361 0.775 0.026 6.8823 0.022 0.0021594 1.8486
68  0.0024691 0.52466 0.00012241 0.0344 0.2092 0.36 0.774 0.019 6.883 0.019 0.0020561 1.8485
69  0.0023895 0.52459 0.00011193 0.0318 0.209 0.358 0.773 0.025 6.8837 0.016 0.002003 1.8485
70  0.0022962 0.52463 0.00010148 0.029 0.2096 0.355 0.772 0.03 6.8846 0.017 0.0019404 1.8487
71  0.0022467 0.52475 9.5217e-05 0.0274 0.2106 0.352 0.77 0.025 6.8854 0.014 0.0019204 1.8491
72  0.002218 0.52488 9.1674e-05 0.026 0.2092 0.354 0.772 0.031 6.8862 0.009 0.0019089 1.8495
73  0.0020608 0.52502 8.7872e-05 0.025 0.2092 0.353 0.771 0.025 6.887 0.011 0.0017915 1.85
74  0.0020299 0.52513 8.5583e-05 0.0242 0.2084 0.354 0.766 0.026 6.8876 0.019 0.0017954 1.8503
75  0.0019717 0.52532 8.0964e-05 0.0228 0.208 0.353 0.765 0.02 6.8886 0.008 0.0017569 1.8508
76  0.0018546 0.52562 6.9667e-05 0.0198 0.209 0.352 0.765 0.032 6.8894 0.013 0.0017032 1.8516
77  0.0016872 0.52598 6.0694e-05 0.0172 0.2098 0.35 0.765 0.026 6.8902 0.01 0.0016335 1.8525
78  0.0017991 0.5263 6.6417e-05 0.0186 0.2092 0.348 0.764 0.027 6.8911 0.01 0.001662 1.8533
79  0.001903 0.52656 6.7879e-05 0.019 0.2082 0.35 0.758 0.031 6.892 0.013 0.001706 1.8539
80  0.0018607 0.52681 6.785e-05 0.0188 0.2076 0.348 0.76 0.026 6.8931 0.018 0.0017015 1.8546
81  0.0018746 0.52706 6.7784e-05 0.0188 0.2072 0.346 0.76 0.025 6.894 0.012 0.0016746 1.8552
82  0.0017261 0.52734 6.2604e-05 0.0174 0.2076 0.344 0.756 0.028 6.8949 0.018 0.0016008 1.8559
83  0.0017745 0.52758 6.244e-05 0.0174 0.2078 0.34 0.755 0.026 6.8957 0.01 0.0016189 1.8565
84  0.0016091 0.52779 6.3401e-05 0.0176 0.2082 0.345 0.755 0.021 6.8964 0.009 0.0015402 1.857
85  0.0016406 0.52804 5.8159e-05 0.0164 0.2088 0.343 0.754 0.022 6.8972 0.015 0.0015544 1.8576
86  0.0017499 0.52834 5.769e-05 0.0164 0.2076 0.344 0.753 0.025 6.8982 0.005 0.0016163 1.8583
87  0.0017881 0.52863 6.0498e-05 0.017 0.2066 0.344 0.749 0.028 6.8994 0.016 0.0016184 1.8589
88  0.0017113 0.52889 5.9376e-05 0.0168 0.2064 0.341 0.749 0.023 6.9005 0.012 0.0015574 1.8595
89  0.0016592 0.52919 5.7012e-05 0.016 0.2066 0.339 0.744 0.031 6.9015 0.01 0.0015544 1.8601
90  0.0017643 0.52947 5.8991e-05 0.0166 0.2056 0.336 0.741 0.024 6.9027 0.013 0.0016102 1.8608
91  0.001607 0.52974 5.5014e-05 0.0156 0.2064 0.336 0.74 0.022 6.9036 0.011 0.0015248 1.8614
92  0.0016284 0.53004 5.1658e-05 0.0146 0.2072 0.335 0.741 0.028 6.9044 0.011 0.0015187 1.862
93  0.0015377 0.53035 4.9531e-05 0.014 0.208 0.337 0.735 0.024 6.9052 0.012 0.0014878 1.8627
94  0.0015999 0.53063 5.3671e-05 0.015 0.2072 0.338 0.737 0.022 6.906 0.013 0.0015199 1.8633
95  0.0016107 0.53091 5.0114e-05 0.014 0.208 0.34 0.735 0.025 6.9069 0.012 0.001534 1.8639
96  0.001556 0.53122 5.0395e-05 0.014 0.2076 0.341 0.736 0.022 6.9078 0.011 0.0015041 1.8646
97  0.0014848 0.53154 5.0412e-05 0.014 0.2068 0.339 0.74 0.013 6.9086 0.01 0.0014385 1.8652
98  0.0013789 0.53188 4.8445e-05 0.0134 0.2066 0.335 0.739 0.018 6.9092 0.007 0.0013819 1.866
99  0.0014025 0.5323 3.8634e-05 0.0108 0.2084 0.334 0.74 0.018 6.91 0.008 0.0013918 1.8669
100  0.0012965 0.53277 3.493e-05 0.0098 0.2098 0.334 0.735 0.023 6.9108 0.01 0.0013407 1.8679
101  0.0012802 0.53326 3.1044e-05 0.0086 0.2096 0.334 0.732 0.025 6.9116 0.005 0.0013363 1.869
102  0.0013612 0.53376 3.341e-05 0.0092 0.209 0.333 0.729 0.025 6.9124 0.01 0.0013643 1.87
103  0.0013005 0.53423 3.037e-05 0.0084 0.2096 0.335 0.727 0.025 6.9134 0.009 0.0013506 1.871
104  0.0012447 0.53468 3.4329e-05 0.0094 0.2094 0.334 0.725 0.013 6.9142 0.007 0.0013091 1.872
105  0.0011919 0.53513 3.1998e-05 0.0088 0.2104 0.335 0.723 0.012 6.9148 0.004 0.0012807 1.8729
106  0.0013484 0.53561 3.058e-05 0.0084 0.2108 0.336 0.719 0.02 6.9157 0.004 0.0013242 1.8739
107  0.0013425 0.53606 2.8235e-05 0.0078 0.2108 0.335 0.716 0.029 6.9165 0.009 0.0013345 1.8749
108  0.001345 0.53651 3.2794e-05 0.009 0.2092 0.335 0.716 0.028 6.9174 0.013 0.0013263 1.8758
109  0.0012032 0.53696 3.0417e-05 0.0084 0.2096 0.336 0.715 0.016 6.9182 0.01 0.0012596 1.8768
110  0.0012658 0.53743 2.7169e-05 0.0076 0.2104 0.335 0.713 0.018 6.919 0.008 0.0012901 1.8777
111  0.0011787 0.53794 2.7897e-05 0.0078 0.2102 0.336 0.712 0.016 6.9197 0.007 0.0012554 1.8788
112  0.0012495 0.53842 2.6506e-05 0.0074 0.2108 0.331 0.713 0.021 6.9205 0.012 0.0012627 1.8797
113  0.0013531 0.53883 2.7947e-05 0.0076 0.21 0.327 0.711 0.025 6.9215 0.008 0.0013619 1.8806
114  0.001224 0.53927 2.8177e-05 0.0076 0.2098 0.327 0.706 0.019 6.9223 0.008 0.0012785 1.8815
115  0.0013814 0.53967 3.4658e-05 0.0094 0.208 0.327 0.707 0.023 6.923 0.009 0.0012978 1.8823
116  0.0013015 0.54001 3.6175e-05 0.0098 0.2074 0.324 0.704 0.018 6.9237 0.011 0.0012757 1.883
117  0.0013431 0.54032 3.8702e-05 0.0106 0.2072 0.325 0.703 0.015 6.9244 0.012 0.0013016 1.8837
118  0.0013139 0.54067 3.8011e-05 0.0104 0.207 0.324 0.7 0.019 6.9251 0.009 0.0012982 1.8843
119  0.0013996 0.54099 3.8482e-05 0.0106 0.2068 0.325 0.698 0.023 6.9259 0.009 0.0013325 1.885
120  0.0014959 0.54128 4.503e-05 0.0124 0.2046 0.326 0.695 0.025 6.9268 0.007 0.0013742 1.8855
121  0.001593 0.54155 4.7016e-05 0.013 0.2038 0.326 0.696 0.026 6.9278 0.004 0.0014373 1.8861
122  0.0014032 0.54186 4.3482e-05 0.012 0.2042 0.325 0.692 0.027 6.9287 0.004 0.001375 1.8867
123  0.0014326 0.54224 3.7308e-05 0.0104 0.2058 0.326 0.693 0.024 6.9297 0.013 0.0013806 1.8874
124  0.0014922 0.54264 3.6516e-05 0.0102 0.2062 0.325 0.69 0.031 6.9308 0.011 0.0014154 1.8882
125  0.0013592 0.543 3.9705e-05 0.011 0.2064 0.325 0.69 0.016 6.9317 0.007 0.0013531 1.8889
126  0.0013319 0.54331 4.0466e-05 0.0112 0.2066 0.323 0.686 0.02 6.9324 0.008 0.0013296 1.8895
127  0.0012747 0.54363 3.6928e-05 0.0102 0.207 0.324 0.685 0.021 6.933 0.007 0.0013019 1.8901
128  0.001351 0.54397 3.187e-05 0.0088 0.2068 0.326 0.687 0.022 6.9338 0.011 0.0013585 1.8908
129  0.0012537 0.54436 3.214e-05 0.0088 0.207 0.326 0.686 0.02 6.9344 0.011 0.0012977 1.8916
130  0.0012304 0.54477 3.3075e-05 0.009 0.2076 0.326 0.689 0.016 6.9351 0.008 0.0012873 1.8924
131  0.0012135 0.54516 3.1205e-05 0.0086 0.2084 0.327 0.688 0.02 6.9357 0.008 0.0012612 1.8932
132  0.0011863 0.54563 2.7045e-05 0.0074 0.209 0.329 0.684 0.021 6.9365 0.01 0.0012685 1.8941
133  0.0011545 0.54609 2.6554e-05 0.0072 0.2094 0.328 0.684 0.017 6.9372 0.006 0.0012604 1.8951
134  0.0012605 0.54653 2.95e-05 0.0078 0.2096 0.328 0.684 0.023 6.9379 0.011 0.0012977 1.896
135  0.0012971 0.54695 3.0526e-05 0.008 0.2094 0.328 0.685 0.025 6.9387 0.009 0.0013098 1.8968
136  0.0013081 0.54733 3.8118e-05 0.01 0.2084 0.328 0.686 0.02 6.9396 0.009 0.0013078 1.8976
137  0.0014107 0.54764 4.2431e-05 0.0112 0.207 0.325 0.681 0.025 6.9405 0.006 0.0013364 1.8982
138  0.0012833 0.54795 3.9168e-05 0.0106 0.208 0.33 0.68 0.014 6.9412 0.01 0.0012705 1.8989
139  0.0012125 0.5483 3.2123e-05 0.0088 0.2098 0.331 0.681 0.02 6.9418 0.009 0.0012403 1.8996
140  0.0012612 0.54873 3.1197e-05 0.0086 0.2102 0.331 0.679 0.022 6.9425 0.009 0.0012762 1.9004
141  0.0012886 0.54919 3.0395e-05 0.0084 0.2114 0.33 0.673 0.02 6.9433 0.005 0.0013101 1.9013
142  0.0012504 0.54965 2.6497e-05 0.0074 0.2116 0.334 0.675 0.024 6.9441 0.008 0.0012938 1.9022
143  0.001286 0.55017 2.7319e-05 0.0076 0.2116 0.332 0.672 0.024 6.9452 0.011 0.0013058 1.9033
144  0.0011566 0.5507 2.6807e-05 0.0074 0.2116 0.335 0.673 0.019 6.9463 0.011 0.0012495 1.9043
145  0.0011535 0.55123 2.3604e-05 0.0066 0.2118 0.334 0.67 0.026 6.947 0.011 0.0012352 1.9054
146  0.0011374 0.55178 2.294e-05 0.0064 0.212 0.334 0.672 0.02 6.9477 0.006 0.0012103 1.9065
147  0.00099647 0.55234 2.1762e-05 0.006 0.2126 0.338 0.664 0.01 6.9484 0.005 0.0011369 1.9076
148  0.00091309 0.55294 1.9393e-05 0.0054 0.2136 0.339 0.658 0.017 6.949 0.008 0.0010829 1.9088
149  0.00086913 0.55359 1.4792e-05 0.0042 0.215 0.338 0.66 0.015 6.9495 0.008 0.0010365 1.9101
150  0.00085449 0.55425 1.4399e-05 0.004 0.2156 0.339 0.66 0.018 6.95 0.005 0.0010415 1.9115
151  0.00096468 0.55492 1.3836e-05 0.0038 0.2162 0.339 0.658 0.019 6.9508 0.004 0.0011029 1.9128
152  0.00096299 0.55556 1.4719e-05 0.004 0.2168 0.339 0.66 0.018 6.9516 0.004 0.0011139 1.9141
153  0.00095078 0.55616 1.993e-05 0.0052 0.2168 0.341 0.661 0.018 6.9523 0.005 0.0011021 1.9153
154  0.00096239 0.55671 1.9926e-05 0.0052 0.218 0.342 0.662 0.014 6.9529 0.004 0.0011136 1.9164
155  0.0010269 0.55724 2.0746e-05 0.0054 0.2178 0.341 0.658 0.022 6.9536 0.004 0.0011424 1.9175
156  0.00092245 0.5578 1.8203e-05 0.0048 0.2186 0.34 0.656 0.016 6.9542 0.008 0.0010951 1.9186
157  0.00099223 0.55837 1.8404e-05 0.0048 0.22 0.342 0.657 0.019 6.9549 0.013 0.001111 1.9197
158  0.0010742 0.55892 2.0014e-05 0.0052 0.2204 0.346 0.651 0.022 6.9558 0.011 0.0011682 1.9208
159  0.0010664 0.55946 2.0931e-05 0.0054 0.2214 0.344 0.65 0.019 6.9567 0.011 0.001162 1.9219
160  0.0010131 0.55998 2.1683e-05 0.0056 0.2208 0.345 0.649 0.023 6.9573 0.005 0.0011324 1.9229
161  0.00099414 0.56051 2.167e-05 0.0056 0.221 0.347 0.649 0.018 6.958 0.007 0.0011218 1.924
162  0.001085 0.56104 2.3281e-05 0.006 0.2212 0.347 0.649 0.02 6.9588 0.007 0.0011631 1.925
163  0.0010934 0.56152 2.4014e-05 0.0062 0.2216 0.348 0.65 0.016 6.9597 0.008 0.0011821 1.926
164  0.0012567 0.56203 2.1905e-05 0.0056 0.2224 0.345 0.655 0.026 6.9608 0.007 0.0012822 1.927
165  0.001017 0.56254 2.3605e-05 0.006 0.2222 0.345 0.657 0.016 6.9616 0.005 0.0011399 1.928
166  0.0010557 0.56308 2.1458e-05 0.0054 0.223 0.349 0.658 0.028 6.9624 0.003 0.0011574 1.929
167  0.0010927 0.56364 2.2041e-05 0.0056 0.223 0.348 0.657 0.021 6.9634 0.005 0.0011747 1.9301
168  0.001101 0.56413 3.0352e-05 0.0076 0.2222 0.349 0.656 0.021 6.9641 0.002 0.0011628 1.9311
169  0.0011035 0.5646 3.018e-05 0.0076 0.2226 0.349 0.657 0.024 6.9649 0.004 0.0011747 1.932
170  0.0011921 0.56501 3.1907e-05 0.008 0.2222 0.353 0.661 0.023 6.9658 0.006 0.0012175 1.9328
171  0.0012206 0.56539 2.9933e-05 0.0076 0.2216 0.353 0.667 0.024 6.9667 0.008 0.0012108 1.9335
172  0.0011306 0.56579 2.8154e-05 0.0072 0.2218 0.353 0.668 0.025 6.9674 0.012 0.0011694 1.9343
173  0.0012062 0.56618 2.9852e-05 0.0076 0.2218 0.354 0.667 0.017 6.9683 0.007 0.0012319 1.9351
174  0.0012036 0.56656 3.055e-05 0.0078 0.221 0.352 0.666 0.024 6.9692 0.011 0.0012257 1.9358
175  0.001217 0.56697 2.6397e-05 0.0068 0.223 0.349 0.666 0.022 6.97 0.007 0.0012181 1.9366
176  0.0013195 0.56738 2.7052e-05 0.007 0.223 0.349 0.665 0.03 6.971 0.01 0.0012895 1.9373
177  0.0013312 0.56781 2.8535e-05 0.0074 0.223 0.348 0.667 0.03 6.9722 0.007 0.0012938 1.9381
178  0.0014483 0.56821 3.0137e-05 0.0078 0.2228 0.348 0.666 0.032 6.9736 0.01 0.0013606 1.9389
179  0.0013027 0.56859 3.438e-05 0.0088 0.2228 0.347 0.669 0.025 6.9745 0.006 0.0012913 1.9396
180  0.0011555 0.56896 3.4349e-05 0.0088 0.2222 0.35 0.667 0.018 6.9752 0.008 0.0012028 1.9403
181  0.0012948 0.56934 3.2653e-05 0.0084 0.2224 0.35 0.666 0.025 6.9762 0.007 0.0012912 1.941
182  0.0011622 0.56971 3.2701e-05 0.0084 0.223 0.35 0.662 0.016 6.9769 0.005 0.0012223 1.9417
183  0.0013199 0.57007 2.9485e-05 0.0076 0.2238 0.35 0.664 0.023 6.9777 0.008 0.0013031 1.9424
184  0.0012882 0.57048 3.1045e-05 0.0078 0.223 0.348 0.665 0.026 6.9787 0.007 0.0012945 1.9432
185  0.0013865 0.57075 3.6661e-05 0.0092 0.2216 0.349 0.664 0.025 6.9796 0.011 0.0012988 1.9437
186  0.0013744 0.57101 4.3777e-05 0.011 0.2192 0.349 0.664 0.022 6.9804 0.011 0.0012951 1.9442
187  0.0013711 0.57125 4.5066e-05 0.0116 0.218 0.35 0.669 0.025 6.9812 0.006 0.0012653 1.9446
188  0.0012746 0.57149 4.4084e-05 0.0116 0.2172 0.353 0.665 0.018 6.9819 0.014 0.0012258 1.9451
189  0.0013022 0.57174 4.0648e-05 0.011 0.2176 0.353 0.666 0.02 6.9825 0.008 0.0012224 1.9455
190  0.0012053 0.57205 3.722e-05 0.0102 0.2182 0.351 0.666 0.021 6.9832 0.011 0.0011987 1.946
191  0.001291 0.57237 3.6901e-05 0.0102 0.2184 0.35 0.668 0.025 6.9839 0.017 0.0012554 1.9466
192  0.0012425 0.57273 3.4228e-05 0.0094 0.2186 0.351 0.663 0.022 6.9847 0.008 0.0012202 1.9473
193  0.0011465 0.57312 3.2709e-05 0.009 0.2194 0.35 0.662 0.011 6.9854 0.009 0.0011886 1.948
194  0.0012236 0.57352 3.2613e-05 0.009 0.22 0.348 0.663 0.018 6.9861 0.012 0.0012285 1.9487
195  0.0010945 0.57398 3.0569e-05 0.0084 0.2208 0.35 0.661 0.018 6.9867 0.008 0.001139 1.9496
196  0.0011087 0.57448 2.7631e-05 0.0076 0.2212 0.349 0.663 0.023 6.9875 0.006 0.0011684 1.9505
197  0.0011328 0.57498 2.4042e-05 0.0066 0.2216 0.352 0.66 0.018 6.9883 0.004 0.0011847 1.9515
198  0.00099422 0.57555 2.0262e-05 0.0056 0.223 0.352 0.655 0.013 6.989 0.005 0.0011143 1.9526
199  0.00099766 0.57616 1.7769e-05 0.005 0.2238 0.351 0.657 0.025 6.9897 0.003 0.001105 1.9538
200  0.0010321 0.57675 1.9683e-05 0.0054 0.224 0.353 0.658 0.022 6.9906 0.006 0.001125 1.9549
201  0.0010384 0.57734 1.6587e-05 0.0046 0.2252 0.352 0.655 0.023 6.9915 0.007 0.0011326 1.9561
202  0.00097185 0.57794 2.0232e-05 0.0054 0.2248 0.351 0.652 0.012 6.9924 0.005 0.001097 1.9572
203  0.0010089 0.57848 1.9891e-05 0.0054 0.2252 0.35 0.65 0.021 6.9931 0.007 0.0010856 1.9583
204  0.0010314 0.57901 2.0443e-05 0.0054 0.2252 0.349 0.647 0.018 6.9939 0.007 0.0011266 1.9593
205  0.0010436 0.57956 1.865e-05 0.0048 0.2252 0.349 0.653 0.022 6.9948 0.006 0.0011333 1.9604
206  0.00098942 0.58011 1.7859e-05 0.0046 0.2254 0.349 0.652 0.024 6.9956 0.009 0.001122 1.9614
207  0.00092657 0.58064 1.7752e-05 0.0046 0.2256 0.348 0.654 0.014 6.9963 0.004 0.0010749 1.9624
208  0.0010255 0.58114 1.9403e-05 0.005 0.2262 0.348 0.655 0.02 6.997 0.009 0.0011137 1.9634
209  0.00096937 0.58161 1.7756e-05 0.0046 0.2264 0.35 0.655 0.022 6.9976 0.009 0.0010956 1.9643
210  0.00084116 0.5819 2.4649e-05 0.0062 0.224 0.361 0.655 0.003 6.9973 0.004 0.0009865 1.9649
211  0.0007598 0.58224 2.1457e-05 0.0054 0.2246 0.372 0.656 0 6.9964 0.009 0.00092865 1.9655
212  0.00076343 0.5826 2.129e-05 0.0054 0.2246 0.388 0.656 0 6.9955 0.006 0.00092183 1.9662
213  0.00074749 0.58294 2.2169e-05 0.0056 0.2248 0.402 0.656 0 6.9946 0.006 0.00091558 1.9669
214  0.00070419 0.58336 1.8965e-05 0.0048 0.2256 0.413 0.657 0 6.9938 0.005 0.00088881 1.9677
215  0.00068217 0.58384 1.803e-05 0.0046 0.2264 0.425 0.659 0 6.993 0.006 0.00086834 1.9686
216  0.00066761 0.58432 1.7229e-05 0.0044 0.2268 0.442 0.661 0 6.9922 0.004 0.00085865 1.9695
217  0.00066581 0.58479 1.6495e-05 0.0042 0.2278 0.455 0.662 0 6.9914 0.007 0.00085153 1.9704
218  0.00064215 0.58529 1.5062e-05 0.0038 0.2282 0.465 0.662 0 6.9907 0.006 0.00082929 1.9714
219  0.0006143 0.58581 1.4234e-05 0.0036 0.2296 0.476 0.663 0 6.9899 0.008 0.00081407 1.9724
220  0.00059096 0.58635 1.2598e-05 0.0032 0.23 0.486 0.665 0 6.9892 0.001 0.00079907 1.9734
221  0.00060948 0.58688 1.1937e-05 0.003 0.2306 0.501 0.665 0 6.9885 0.002 0.00081448 1.9744
222  0.0005648 0.58745 9.4496e-06 0.0024 0.2314 0.519 0.666 0 6.9878 0.002 0.00078202 1.9755
223  0.00055043 0.58801 8.7163e-06 0.0022 0.2324 0.531 0.668 0 6.9871 0.003 0.00076949 1.9766
224  0.0005256 0.5886 7.9466e-06 0.002 0.233 0.545 0.669 0 6.9864 0.005 0.00074472 1.9777
225  0.00050263 0.58921 6.2398e-06 0.0016 0.2332 0.553 0.67 0 6.9857 0.001 0.00072701 1.9789
226  0.00051799 0.5898 7.8086e-06 0.002 0.234 0.559 0.671 0 6.985 0.006 0.00072603 1.98
227  0.0004855 0.5904 5.4811e-06 0.0014 0.2344 0.565 0.672 0 6.9844 0.004 0.00071427 1.9812
228  0.00049256 0.59099 6.2589e-06 0.0016 0.235 0.576 0.673 0 6.9837 0.003 0.00071465 1.9823
229  0.00048952 0.59157 6.2181e-06 0.0016 0.2352 0.589 0.673 0 6.983 0.004 0.00071093 1.9834
230  0.0004975 0.59213 7.0833e-06 0.0018 0.236 0.595 0.673 0 6.9823 0 0.00071518 1.9844
231  0.00049756 0.59268 7.1382e-06 0.0018 0.2366 0.607 0.674 0 6.9816 0.004 0.00071454 1.9854
232  0.00048513 0.59323 6.2274e-06 0.0016 0.2374 0.614 0.676 0 6.9809 0.007 0.00070495 1.9865
233  0.00047139 0.59379 4.62e-06 0.0012 0.2384 0.619 0.677 0 6.9802 0.004 0.00069727 1.9875
234  0.00046433 0.59438 5.7277e-06 0.0014 0.2384 0.625 0.678 0 6.9796 0.003 0.00069727 1.9886
235  0.00053553 0.59486 1.1617e-05 0.0028 0.2382 0.628 0.679 0 6.9789 0 0.00071223 1.9896
236  0.00052487 0.5953 9.9375e-06 0.0024 0.2394 0.638 0.68 0 6.9781 0.002 0.0007166 1.9904
237  0.00052151 0.59576 9.8108e-06 0.0024 0.24 0.645 0.681 0 6.9774 0.002 0.00071389 1.9912
238  0.00052874 0.59623 1.0502e-05 0.0026 0.242 0.649 0.685 0 6.9767 0.001 0.00071375 1.9921
239  0.00052551 0.5967 1.0381e-05 0.0026 0.2426 0.653 0.685 0 6.9759 0.004 0.00071221 1.993
240  0.00053341 0.59717 1.1196e-05 0.0028 0.2436 0.66 0.685 0 6.9752 0.001 0.00071726 1.9938
241  0.00053244 0.59763 1.1106e-05 0.0028 0.2438 0.67 0.685 0 6.9745 0.002 0.00071639 1.9947
242  0.00053205 0.59808 1.1155e-05 0.0028 0.245 0.677 0.687 0 6.9738 0.005 0.00071577 1.9955
243  0.00051576 0.59857 1.042e-05 0.0026 0.2464 0.683 0.688 0 6.9731 0.005 0.00070645 1.9964
244  0.00054453 0.599 1.3857e-05 0.0034 0.2464 0.69 0.688 0 6.9724 0.001 0.00072083 1.9972
245  0.00054142 0.59943 1.2267e-05 0.003 0.2466 0.696 0.69 0 6.9717 0.002 0.00072084 1.998
246  0.00055938 0.59984 1.4427e-05 0.0036 0.2464 0.697 0.691 0 6.971 0 0.00072446 1.9987
247  0.00054451 0.60027 1.34e-05 0.0034 0.2474 0.705 0.693 0 6.9703 0.002 0.00071953 1.9995
248  0.00052411 0.60072 1.1693e-05 0.003 0.249 0.711 0.693 0 6.9696 0.003 0.00070895 2.0003
249  0.00054547 0.60117 1.3082e-05 0.0034 0.249 0.717 0.695 0 6.9689 0.004 0.00071436 2.0011
250  0.00050587 0.60164 1.0872e-05 0.0028 0.25 0.726 0.695 0 6.9682 0.003 0.00070458 2.002
251  0.00047171 0.60217 9.352e-06 0.0024 0.252 0.735 0.697 0 6.9676 0.004 0.00068603 2.003
252  0.00044092 0.60274 6.1688e-06 0.0016 0.2532 0.74 0.698 0 6.9671 0.003 0.00066356 2.0041
253  0.00041478 0.60333 5.3765e-06 0.0014 0.2544 0.743 0.698 0 6.9665 0.005 0.00064321 2.0052
254  0.00043495 0.60388 7.6479e-06 0.002 0.2542 0.746 0.7 0 6.9659 0.003 0.00064346 2.0062
255  0.00042324 0.60441 6.2959e-06 0.0016 0.2546 0.758 0.7 0 6.9653 0.005 0.00064211 2.0072
256  0.00041384 0.60497 4.1153e-06 0.001 0.2562 0.76 0.7 0 6.9647 0.004 0.00063193 2.0082
257  0.00041102 0.60552 4.0816e-06 0.001 0.2572 0.765 0.701 0 6.9641 0.005 0.00062832 2.0092
258  0.00039906 0.60608 3.2125e-06 0.0008 0.2582 0.766 0.703 0 6.9635 0.005 0.00061879 2.0103
259  0.00038711 0.60664 2.4367e-06 0.0006 0.259 0.77 0.703 0 6.9629 0.002 0.00061278 2.0113
260  0.00037628 0.60722 1.6528e-06 0.0004 0.2596 0.775 0.703 0 6.9623 0.001 0.00060495 2.0124
261  0.00037366 0.6078 1.6567e-06 0.0004 0.2598 0.779 0.703 0 6.9618 0.001 0.00060143 2.0134
262  0.00037233 0.60838 1.6599e-06 0.0004 0.2602 0.782 0.703 0 6.9612 0.003 0.00059939 2.0145
263  0.00037069 0.60895 1.6633e-06 0.0004 0.261 0.786 0.703 0 6.9607 0.002 0.00059689 2.0156
264  0.00036919 0.60952 1.6665e-06 0.0004 0.2614 0.793 0.703 0 6.9602 0.004 0.00059461 2.0166
265  0.00036795 0.61008 1.6695e-06 0.0004 0.2616 0.798 0.705 0 6.9596 0.001 0.00059269 2.0176
266  0.00036638 0.61064 1.6724e-06 0.0004 0.2626 0.803 0.705 0 6.9591 0.004 0.00059032 2.0187
267  0.00036495 0.6112 1.6751e-06 0.0004 0.2638 0.806 0.705 0 6.9585 0.008 0.00058814 2.0197
268  0.00036356 0.61175 1.6777e-06 0.0004 0.2646 0.808 0.706 0 6.958 0.002 0.00058602 2.0207
269  0.00037255 0.61229 2.6085e-06 0.0006 0.2658 0.811 0.706 0 6.9575 0.003 0.00059107 2.0217
270  0.0003691 0.61282 1.7464e-06 0.0004 0.266 0.816 0.707 0 6.9569 0.001 0.00058902 2.0226
271  0.00035158 0.61337 9.1322e-07 0.0002 0.267 0.819 0.707 0 6.9564 0.002 0.00057479 2.0236
272  0.00037193 0.61387 2.7387e-06 0.0006 0.267 0.821 0.707 0 6.9558 0.002 0.00058583 2.0246
273  0.00036041 0.61437 2.7545e-06 0.0006 0.2672 0.826 0.707 0 6.9553 0 0.00057997 2.0255
274  0.00035166 0.6149 1.8687e-06 0.0004 0.2678 0.828 0.709 0 6.9547 0.001 0.00057317 2.0264
275  0.00034607 0.61543 9.2591e-07 0.0002 0.269 0.832 0.71 0 6.9542 0.001 0.00056642 2.0274
276  0.00034355 0.61596 9.1875e-07 0.0002 0.2696 0.831 0.711 0 6.9536 0.003 0.00056278 2.0284
277  0.00034185 0.61649 9.1238e-07 0.0002 0.2708 0.833 0.712 0 6.9531 0.001 0.0005603 2.0293
278  0.00034038 0.61702 9.0675e-07 0.0002 0.2716 0.838 0.715 0 6.9526 0.002 0.00055815 2.0303
279  0.00033898 0.61755 9.0183e-07 0.0002 0.2722 0.841 0.717 0 6.9521 0 0.0005561 2.0312
280  0.00033761 0.61808 8.9748e-07 0.0002 0.2728 0.843 0.719 0 6.9515 0.001 0.00055409 2.0322
281  0.00033627 0.61861 8.9362e-07 0.0002 0.2738 0.845 0.72 0 6.951 0.003 0.0005521 2.0331
282  0.00033525 0.61913 8.9037e-07 0.0002 0.2744 0.849 0.721 0 6.9505 0.004 0.00055058 2.0341
283  0.00032339 0.61967 0 0 0.2746 0.851 0.721 0 6.95 0.003 0.00054133 2.035
284  0.00032801 0.6202 9.3819e-07 0.0002 0.2762 0.852 0.721 0 6.9495 0.001 0.00054353 2.036
285  0.00033156 0.62071 9.2544e-07 0.0002 0.2762 0.853 0.721 0 6.949 0.001 0.00054452 2.0369
286  0.00033025 0.62122 9.191e-07 0.0002 0.2766 0.856 0.721 0 6.9485 0.003 0.0005426 2.0378
287  0.00031909 0.62173 0 0 0.2774 0.858 0.721 0 6.948 0.002 0.00053456 2.0388
288  0.00032812 0.62224 9.3714e-07 0.0002 0.278 0.864 0.721 0 6.9475 0.003 0.0005392 2.0397
289  0.00032678 0.62274 9.2971e-07 0.0002 0.279 0.867 0.721 0 6.947 0.002 0.00053717 2.0406
290  0.00032543 0.62325 9.2315e-07 0.0002 0.2804 0.871 0.722 0 6.9465 0.003 0.0005352 2.0415
291  0.00032427 0.62375 9.1718e-07 0.0002 0.2818 0.871 0.722 0 6.946 0.001 0.00053351 2.0424
292  0.00032359 0.62425 9.1232e-07 0.0002 0.283 0.873 0.723 0 6.9455 0.003 0.00053248 2.0433
293  0.00032182 0.62475 9.0776e-07 0.0002 0.2834 0.876 0.724 0 6.945 0.002 0.0005299 2.0441
294  0.00032048 0.62524 9.0383e-07 0.0002 0.2844 0.881 0.724 0 6.9445 0.001 0.0005279 2.045
295  0.00031923 0.62574 9.0034e-07 0.0002 0.2846 0.883 0.724 0 6.944 0.003 0.00052605 2.0459
296  0.00031803 0.62624 8.9728e-07 0.0002 0.285 0.885 0.724 0 6.9435 0.003 0.00052425 2.0468
297  0.00031682 0.62673 8.9453e-07 0.0002 0.2856 0.888 0.725 0 6.943 0.003 0.00052246 2.0477
298  0.00031566 0.62722 8.9219e-07 0.0002 0.2864 0.888 0.726 0 6.9426 0.005 0.0005207 2.0485
299  0.00031652 0.62771 1.8555e-06 0.0004 0.2868 0.89 0.726 0 6.9421 0.002 0.00052151 2.0494
300  0.00033705 0.62815 1.8201e-06 0.0004 0.2874 0.89 0.726 0 6.9416 0.002 0.00053263 2.0502
301  0.00033567 0.6286 1.8032e-06 0.0004 0.2882 0.89 0.729 0 6.9411 0.001 0.00053097 2.051
302  0.0003557 0.629 2.6296e-06 0.0006 0.2892 0.894 0.73 0 6.9405 0.003 0.00053467 2.0517
303  0.00037325 0.6294 3.3576e-06 0.0008 0.2898 0.896 0.731 0 6.94 0.002 0.00053615 2.0524
304  0.00036968 0.62978 4.037e-06 0.001 0.2906 0.897 0.731 0 6.9394 0.001 0.00053445 2.053
305  0.00036653 0.63017 3.9202e-06 0.001 0.2916 0.898 0.732 0 6.9389 0.002 0.00053271 2.0537
306  0.00036422 0.63058 3.8174e-06 0.001 0.2924 0.898 0.733 0 6.9384 0.002 0.00053183 2.0544
307  0.00036127 0.63099 3.7363e-06 0.001 0.294 0.904 0.733 0 6.9378 0.001 0.00052949 2.0551
308  0.00035886 0.63141 2.9702e-06 0.0008 0.2948 0.906 0.734 0 6.9373 0.003 0.00052764 2.0558
309  0.00035671 0.63183 2.9248e-06 0.0008 0.2958 0.907 0.734 0 6.9368 0.002 0.00052592 2.0566
310  0.00035473 0.63226 2.8859e-06 0.0008 0.2962 0.908 0.736 0 6.9363 0.002 0.00052424 2.0573
311  0.00035291 0.63269 2.853e-06 0.0008 0.2964 0.911 0.736 0 6.9359 0.002 0.00052258 2.058
312  0.00035124 0.63312 2.8259e-06 0.0008 0.2976 0.912 0.737 0 6.9354 0.002 0.00052095 2.0588
313  0.00033451 0.63355 3.1634e-06 0.0008 0.2984 0.915 0.737 0 6.9349 0.003 0.00051654 2.0595
314  0.00033309 0.63401 2.1929e-06 0.0006 0.2994 0.915 0.74 0 6.9345 0.001 0.00051455 2.0603
315  0.00033217 0.63446 2.1971e-06 0.0006 0.3006 0.917 0.74 0 6.934 0.004 0.00051299 2.0611
316  0.00033544 0.6349 3.1731e-06 0.0008 0.3016 0.917 0.741 0 6.9336 0.001 0.00051536 2.0619
317  0.00034242 0.63533 3.1585e-06 0.0008 0.3028 0.919 0.741 0 6.9332 0.004 0.00051865 2.0627
318  0.00034153 0.63575 3.1548e-06 0.0008 0.304 0.921 0.742 0 6.9327 0.001 0.00051723 2.0634
319  0.00032421 0.63619 2.5059e-06 0.0006 0.304 0.921 0.743 0 6.9323 0.001 0.00051057 2.0642
320  0.00032504 0.63664 3.4917e-06 0.0008 0.3046 0.921 0.744 0 6.9319 0.002 0.00051126 2.065
321  0.00033579 0.63705 2.5339e-06 0.0006 0.3056 0.923 0.745 0 6.9315 0.002 0.00051597 2.0657
322  0.00035597 0.63744 3.4105e-06 0.0008 0.3058 0.926 0.745 0 6.931 0.002 0.00051854 2.0664
323  0.00034376 0.63782 2.4758e-06 0.0006 0.3064 0.93 0.746 0 6.9305 0.001 0.00051001 2.0671
324  0.00034098 0.63821 2.4308e-06 0.0006 0.3072 0.933 0.748 0 6.93 0.002 0.00050739 2.0678
325  0.00032151 0.63862 1.6545e-06 0.0004 0.3084 0.936 0.75 0 6.9296 0.002 0.0004938 2.0685
326  0.00031854 0.63903 1.6184e-06 0.0004 0.3092 0.937 0.75 0 6.9291 0.001 0.00049059 2.0692
327  0.00031648 0.63944 1.5858e-06 0.0004 0.31 0.94 0.751 0 6.9286 0.001 0.00048853 2.0699
328  0.00029558 0.63988 8.0517e-07 0.0002 0.3108 0.941 0.752 0 6.9282 0.001 0.00048143 2.0707
329  0.0002945 0.64033 8.0571e-07 0.0002 0.312 0.944 0.752 0 6.9278 0.001 0.00047976 2.0715
330  0.00029349 0.64078 8.0627e-07 0.0002 0.3128 0.947 0.753 0 6.9274 0.001 0.00047818 2.0723
331  0.00029251 0.64122 8.0681e-07 0.0002 0.313 0.947 0.753 0 6.927 0.004 0.00047663 2.0731
332  0.00029154 0.64166 8.0734e-07 0.0002 0.3138 0.948 0.753 0 6.9266 0.002 0.00047511 2.0738
333  0.00029543 0.64209 8.0788e-07 0.0002 0.3148 0.949 0.755 0 6.9262 0.003 0.00047887 2.0746
334  0.00029345 0.64249 8.0842e-07 0.0002 0.3154 0.95 0.756 0 6.9257 0.004 0.00047696 2.0753
335  0.00027915 0.64293 0 0 0.3162 0.951 0.757 0 6.9253 0 0.00046734 2.0761
336  0.0002804 0.64337 9.687e-07 0.0002 0.317 0.951 0.759 0 6.9249 0.004 0.00046505 2.0768
337  0.00027028 0.6438 0 0 0.3174 0.949 0.759 0 6.9245 0.001 0.00045855 2.0776
338  0.00026614 0.64424 0 0 0.3178 0.949 0.76 0 6.9241 0.002 0.00045304 2.0784
339  0.00026454 0.64469 0 0 0.3182 0.952 0.761 0 6.9237 0.003 0.00045059 2.0791
340  0.00026342 0.64513 0 0 0.3186 0.954 0.761 0 6.9233 0.004 0.00044883 2.0799
341  0.00027445 0.64555 9.7218e-07 0.0002 0.32 0.955 0.764 0 6.9229 0.001 0.00045581 2.0806
342  0.00026237 0.64598 0 0 0.3204 0.955 0.764 0 6.9225 0.002 0.00044708 2.0814
343  0.00026079 0.64641 0 0 0.3214 0.956 0.765 0 6.9221 0.003 0.00044469 2.0822
344  0.00025972 0.64684 0 0 0.3226 0.957 0.765 0 6.9217 0.001 0.00044301 2.0829
345  0.00025898 0.64727 9.9746e-07 0.0002 0.3236 0.959 0.765 0 6.9213 0.002 0.00044184 2.0836
346  0.00025791 0.6477 0 0 0.3244 0.96 0.765 0 6.9209 0.001 0.00044017 2.0844
347  0.00025697 0.64812 0 0 0.3246 0.96 0.767 0 6.9206 0.004 0.00043869 2.0851
348  0.00025608 0.64854 0 0 0.3254 0.96 0.768 0 6.9202 0.002 0.00043728 2.0859
349  0.00025524 0.64896 0 0 0.3268 0.96 0.768 0 6.9198 0.004 0.00043597 2.0866
350  0.00025434 0.64938 0 0 0.3276 0.96 0.768 0 6.9194 0 0.00043455 2.0873
351  0.00025347 0.6498 0 0 0.329 0.961 0.77 0 6.919 0.001 0.00043317 2.088
352  0.00025261 0.65021 0 0 0.3298 0.961 0.771 0 6.9187 0.003 0.00043182 2.0887
353  0.00025176 0.65062 0 0 0.3306 0.963 0.772 0 6.9183 0.001 0.00043048 2.0895
354  0.00025092 0.65103 0 0 0.3312 0.964 0.772 0 6.9179 0 0.00042915 2.0902
355  0.00025008 0.65144 0 0 0.3316 0.964 0.772 0 6.9175 0 0.00042783 2.0909
356  0.00024925 0.65185 0 0 0.3326 0.964 0.772 0 6.9172 0 0.00042651 2.0916
357  0.00024842 0.65225 0 0 0.333 0.966 0.773 0 6.9168 0 0.0004252 2.0923
358  0.00025908 0.65264 9.851e-07 0.0002 0.3342 0.967 0.774 0 6.9164 0.001 0.00043179 2.0929
359  0.00025922 0.65302 9.7607e-07 0.0002 0.3362 0.967 0.775 0 6.916 0.001 0.00043164 2.0936
360  0.00025871 0.6534 9.6819e-07 0.0002 0.3366 0.967 0.775 0 6.9156 0.001 0.00043091 2.0942
361  0.00025707 0.65378 9.6241e-07 0.0002 0.3374 0.967 0.775 0 6.9153 0 0.00042901 2.0949
362  0.0002567 0.65415 9.5556e-07 0.0002 0.338 0.968 0.775 0 6.9149 0.001 0.00042796 2.0955
363  0.00025586 0.65453 9.5031e-07 0.0002 0.3392 0.968 0.775 0 6.9145 0 0.0004267 2.0962
364  0.00025503 0.65491 9.4547e-07 0.0002 0.3398 0.968 0.775 0 6.9141 0 0.00042546 2.0968
365  0.00025422 0.65529 9.4133e-07 0.0002 0.34 0.968 0.776 0 6.9138 0.001 0.00042423 2.0975
366  0.00025341 0.65566 9.3785e-07 0.0002 0.3416 0.968 0.78 0 6.9134 0.001 0.00042301 2.0981
367  0.00025262 0.65604 9.3475e-07 0.0002 0.3424 0.969 0.78 0 6.913 0.004 0.00042179 2.0988
368  0.00026413 0.65639 1.9188e-06 0.0004 0.3432 0.968 0.781 0 6.9127 0.002 0.00042937 2.0994
369  0.00026354 0.65674 1.9078e-06 0.0004 0.3438 0.969 0.781 0 6.9123 0 0.00042848 2.1
370  0.00025188 0.65711 9.7104e-07 0.0002 0.3448 0.97 0.781 0 6.9119 0 0.00041998 2.1006
371  0.00025033 0.65748 9.643e-07 0.0002 0.3454 0.97 0.781 0 6.9116 0 0.00041771 2.1012
372  0.00024933 0.65785 9.5829e-07 0.0002 0.3458 0.972 0.781 0 6.9112 0.002 0.00041622 2.1018
373  0.00024848 0.65821 9.5322e-07 0.0002 0.347 0.972 0.782 0 6.9108 0.001 0.00041494 2.1025
374  0.00024767 0.65858 9.4871e-07 0.0002 0.3478 0.972 0.782 0 6.9105 0.001 0.00041373 2.1031
375  0.00024688 0.65894 9.4478e-07 0.0002 0.3484 0.973 0.783 0 6.9101 0.002 0.00041253 2.1037
376  0.00024611 0.65931 9.415e-07 0.0002 0.3496 0.973 0.783 0 6.9098 0 0.00041135 2.1043
377  0.00023489 0.65968 0 0 0.3502 0.973 0.784 0 6.9094 0.001 0.00040346 2.105
378  0.000233 0.66006 0 0 0.3504 0.974 0.784 0 6.9091 0.001 0.00040069 2.1056
379  0.00024359 0.66042 9.9682e-07 0.0002 0.3522 0.974 0.784 0 6.9087 0.001 0.00040705 2.1062
380  0.00023194 0.6608 0 0 0.353 0.974 0.784 0 6.9084 0.001 0.00039894 2.1069
381  0.00023063 0.66117 0 0 0.3538 0.975 0.785 0 6.9081 0 0.00039691 2.1075
382  0.0002375 0.66153 1.0055e-06 0.0002 0.3548 0.976 0.785 0 6.9077 0.001 0.0004014 2.1081
383  0.00025246 0.66187 1.9467e-06 0.0004 0.3554 0.977 0.785 0 6.9074 0.002 0.00040604 2.1087
384  0.00026391 0.66217 2.7996e-06 0.0006 0.3562 0.977 0.786 0 6.907 0.002 0.00040856 2.1092
385  0.00026325 0.66246 2.7277e-06 0.0006 0.3572 0.977 0.786 0 6.9066 0.002 0.00040863 2.1097
386  0.0002613 0.66276 2.6662e-06 0.0006 0.3582 0.977 0.786 0 6.9062 0.003 0.0004067 2.1102
387  0.00025988 0.66307 2.6136e-06 0.0006 0.3584 0.977 0.786 0 6.9058 0.002 0.00040538 2.1107
388  0.00026949 0.66337 3.4274e-06 0.0008 0.3594 0.978 0.786 0 6.9054 0.002 0.00040941 2.1112
389  0.00026803 0.66367 3.3498e-06 0.0008 0.3602 0.978 0.786 0 6.9051 0.003 0.00040838 2.1117
390  0.00026659 0.66398 3.2831e-06 0.0008 0.3604 0.978 0.786 0 6.9047 0.005 0.00040727 2.1122
391  0.00025566 0.66429 2.4596e-06 0.0006 0.361 0.979 0.786 0 6.9043 0.001 0.00040445 2.1127
392  0.00026444 0.66461 3.2172e-06 0.0008 0.3616 0.979 0.786 0 6.904 0.002 0.00040576 2.1132
393  0.00027563 0.6649 4.1709e-06 0.001 0.3632 0.979 0.786 0 6.9036 0.002 0.00041345 2.1137
394  0.00027485 0.66518 4.1205e-06 0.001 0.3646 0.98 0.786 0 6.9032 0.002 0.00041287 2.1142
395  0.00027613 0.66547 4.2815e-06 0.001 0.3652 0.982 0.786 0 6.9029 0.002 0.00041302 2.1147
396  0.00026592 0.66576 3.482e-06 0.0008 0.3668 0.982 0.787 0 6.9025 0 0.00040957 2.1152
397  0.00025398 0.66607 2.5473e-06 0.0006 0.3672 0.983 0.788 0 6.9022 0.002 0.00040533 2.1157
398  0.00025253 0.6664 2.5523e-06 0.0006 0.368 0.983 0.788 0 6.9019 0 0.00040344 2.1162
399  0.00025194 0.66673 2.5573e-06 0.0006 0.3694 0.983 0.79 0 6.9016 0.004 0.00040242 2.1168
400  0.00025136 0.66705 2.5618e-06 0.0006 0.3704 0.985 0.79 0 6.9012 0.001 0.00040143 2.1173
401  0.00025079 0.66737 2.5659e-06 0.0006 0.3716 0.985 0.791 0 6.9009 0.002 0.00040044 2.1179
402  0.00024745 0.66769 1.6316e-06 0.0004 0.372 0.985 0.792 0 6.9006 0 0.00039852 2.1184
403  0.0002621 0.66801 2.6415e-06 0.0006 0.3736 0.985 0.792 0 6.9003 0.002 0.00040543 2.119
404  0.00033437 0.66817 6.505e-06 0.0014 0.374 0.985 0.792 0 6.8999 0.002 0.00043831 2.1192
405  0.00030394 0.66834 4.6821e-06 0.001 0.375 0.985 0.792 0 6.8994 0.003 0.00043022 2.1195
406  0.00032186 0.66852 5.5378e-06 0.0012 0.3758 0.985 0.792 0 6.899 0.001 0.00043137 2.1198
407  0.00031939 0.66871 6.351e-06 0.0014 0.376 0.985 0.793 0 6.8986 0.001 0.0004303 2.1201
408  0.00029561 0.66895 5.4318e-06 0.0012 0.3764 0.986 0.793 0 6.8982 0.004 0.00042386 2.1205
409  0.00028361 0.66921 4.5013e-06 0.001 0.377 0.986 0.794 0 6.8979 0.001 0.00041962 2.121
410  0.00028231 0.66949 4.4887e-06 0.001 0.3772 0.988 0.794 0 6.8975 0.001 0.00041812 2.1214
411  0.00028154 0.66977 4.4772e-06 0.001 0.3784 0.988 0.795 0 6.8972 0.001 0.00041716 2.1219
412  0.0002808 0.67005 4.4667e-06 0.001 0.3792 0.988 0.795 0 6.8969 0.003 0.00041623 2.1224
413  0.00028008 0.67033 4.4581e-06 0.001 0.3798 0.988 0.797 0 6.8966 0.002 0.0004153 2.1228
414  0.00025852 0.67064 3.575e-06 0.0008 0.3812 0.99 0.798 0 6.8963 0.003 0.00040119 2.1234
415  0.0002568 0.67094 3.5717e-06 0.0008 0.3828 0.99 0.8 0 6.896 0 0.00039866 2.1239
416  0.0002559 0.67124 3.5692e-06 0.0008 0.3834 0.99 0.8 0 6.8957 0.001 0.00039729 2.1244
417  0.00027725 0.67152 4.5806e-06 0.001 0.3844 0.99 0.8 0 6.8954 0 0.00041021 2.1248
418  0.00027987 0.67177 6.5431e-06 0.0014 0.3848 0.99 0.802 0 6.895 0.004 0.00041157 2.1253
419  0.00030221 0.67198 7.427e-06 0.0016 0.3848 0.99 0.803 0 6.8947 0.002 0.00041614 2.1256
420  0.00031433 0.67217 6.4325e-06 0.0014 0.3852 0.99 0.803 0 6.8943 0.002 0.00042431 2.1259
421  0.00029067 0.67238 5.6374e-06 0.0012 0.3864 0.989 0.803 0 6.8939 0.001 0.00041716 2.1263
422  0.00027374 0.67262 3.7077e-06 0.0008 0.3872 0.989 0.804 0 6.8936 0.001 0.00040801 2.1267
423  0.00026954 0.67287 4.6517e-06 0.001 0.387 0.989 0.806 0 6.8932 0.002 0.00039415 2.1271
424  0.00028585 0.67308 6.1622e-06 0.0014 0.3876 0.989 0.807 0 6.8928 0.001 0.00039276 2.1274
425  0.00026183 0.67331 6.0731e-06 0.0014 0.388 0.989 0.808 0 6.8925 0.001 0.00038746 2.1278
426  0.00026007 0.67358 5.9653e-06 0.0014 0.3882 0.989 0.808 0 6.8921 0.001 0.00038603 2.1283
427  0.00025864 0.67384 5.8678e-06 0.0014 0.3892 0.989 0.81 0 6.8918 0.005 0.0003849 2.1287
428  0.00025743 0.67411 5.7912e-06 0.0014 0.3898 0.989 0.81 0 6.8915 0.002 0.00038387 2.1291
429  0.00025634 0.67438 5.7267e-06 0.0014 0.3908 0.989 0.81 0 6.8912 0.003 0.00038288 2.1296
430  0.00023679 0.67468 5.0065e-06 0.0012 0.392 0.99 0.81 0 6.8909 0.001 0.00037778 2.1301
431  0.00023549 0.67498 5.0229e-06 0.0012 0.393 0.99 0.81 0 6.8906 0.002 0.00037584 2.1306
432  0.00023484 0.67528 5.0378e-06 0.0012 0.3936 0.99 0.811 0 6.8903 0.001 0.00037469 2.1311
433  0.00023431 0.67557 4.2264e-06 0.001 0.394 0.989 0.811 0 6.8901 0.001 0.00037373 2.1316
434  0.00023381 0.67586 4.2372e-06 0.001 0.3956 0.989 0.811 0 6.8898 0.001 0.00037284 2.1321
435  0.0002142 0.67617 9.2756e-07 0.0002 0.397 0.99 0.812 0 6.8895 0.003 0.00035991 2.1326
436  0.00021209 0.67647 9.2827e-07 0.0002 0.3978 0.99 0.812 0 6.8892 0 0.00035685 2.1331
437  0.00021116 0.67677 9.2893e-07 0.0002 0.3988 0.991 0.813 0 6.8889 0.001 0.00035535 2.1336
438  0.0001995 0.67708 0 0 0.3992 0.991 0.813 0 6.8887 0.005 0.00034667 2.1342
439  0.00019829 0.67739 0 0 0.3996 0.991 0.813 0 6.8884 0.005 0.00034478 2.1347
440  0.00019748 0.67769 0 0 0.4 0.991 0.814 0 6.8881 0.002 0.00034348 2.1352
441  0.00019684 0.67799 0 0 0.4006 0.991 0.814 0 6.8878 0.003 0.00034243 2.1357
442  0.00019625 0.67828 0 0 0.401 0.991 0.814 0 6.8876 0.002 0.00034147 2.1362
443  0.00019569 0.67858 0 0 0.4016 0.991 0.815 0 6.8873 0.001 0.00034055 2.1367
444  0.00019513 0.67887 0 0 0.4026 0.991 0.815 0 6.887 0.001 0.00033965 2.1372
445  0.00019459 0.67916 0 0 0.403 0.991 0.815 0 6.8867 0.002 0.00033876 2.1377
446  0.00019406 0.67945 0 0 0.4032 0.991 0.815 0 6.8865 0.002 0.00033789 2.1381
447  0.00019353 0.67974 0 0 0.404 0.991 0.815 0 6.8862 0.002 0.00033703 2.1386
448  0.00020579 0.68 1.022e-06 0.0002 0.4048 0.992 0.816 0 6.8859 0.001 0.00034529 2.1391
449  0.00020543 0.68026 1.0123e-06 0.0002 0.4054 0.992 0.816 0 6.8856 0 0.00034474 2.1395
450  0.00020487 0.68051 1.0046e-06 0.0002 0.4056 0.992 0.816 0 6.8853 0 0.00034394 2.1399
451  0.00020431 0.68077 9.9726e-07 0.0002 0.4062 0.991 0.816 0 6.885 0.001 0.00034314 2.1403
452  0.00020376 0.68103 9.9078e-07 0.0002 0.4074 0.991 0.816 0 6.8848 0.003 0.00034235 2.1408
453  0.00020322 0.68129 9.8515e-07 0.0002 0.4086 0.991 0.816 0 6.8845 0.005 0.00034156 2.1412
454  0.00020269 0.68155 9.8031e-07 0.0002 0.4094 0.992 0.816 0 6.8842 0.004 0.00034077 2.1416
455  0.00020217 0.68181 9.758e-07 0.0002 0.4102 0.992 0.816 0 6.8839 0 0.00033999 2.1421
456  0.00020166 0.68207 9.7199e-07 0.0002 0.411 0.991 0.816 0 6.8837 0.002 0.00033922 2.1425
457  0.00020115 0.68233 9.6873e-07 0.0002 0.412 0.991 0.816 0 6.8834 0 0.00033844 2.1429
458  0.00020066 0.68258 9.6574e-07 0.0002 0.4124 0.991 0.816 0 6.8831 0 0.00033768 2.1433
459  0.00020017 0.68284 9.6327e-07 0.0002 0.4132 0.992 0.816 0 6.8829 0.002 0.00033691 2.1438
460  0.00019968 0.6831 9.6097e-07 0.0002 0.4138 0.992 0.816 0 6.8826 0.001 0.00033616 2.1442
461  0.0001992 0.68335 9.5902e-07 0.0002 0.4146 0.991 0.817 0 6.8823 0.001 0.0003354 2.1446
462  0.00019873 0.68361 9.5725e-07 0.0002 0.4156 0.991 0.817 0 6.8821 0 0.00033466 2.145
463  0.00018935 0.68387 0 0 0.4168 0.991 0.819 0 6.8818 0 0.00032902 2.1455
464  0.0001862 0.68413 0 0 0.4174 0.991 0.819 0 6.8816 0.004 0.000325 2.1459
465  0.00018719 0.6844 0 0 0.4186 0.991 0.819 0 6.8813 0.001 0.00032584 2.1463
466  0.00018503 0.68466 0 0 0.419 0.99 0.819 0 6.881 0.001 0.0003231 2.1468
467  0.00018429 0.68492 0 0 0.4192 0.99 0.819 0 6.8808 0.001 0.00032191 2.1472
468  0.00018375 0.68518 0 0 0.4204 0.99 0.819 0 6.8805 0.001 0.00032103 2.1476
469  0.00018327 0.68544 0 0 0.4214 0.99 0.819 0 6.8803 0 0.00032024 2.1481
470  0.00018281 0.6857 0 0 0.4218 0.99 0.819 0 6.88 0.002 0.00031948 2.1485
471  0.00018235 0.68595 0 0 0.4226 0.99 0.819 0 6.8798 0.004 0.00031873 2.1489
472  0.0001819 0.68621 0 0 0.4238 0.99 0.82 0 6.8795 0.002 0.00031799 2.1493
473  0.00018146 0.68646 0 0 0.424 0.99 0.82 0 6.8793 0 0.00031726 2.1497
474  0.00018102 0.68671 0 0 0.425 0.991 0.822 0 6.879 0.006 0.00031653 2.1502
475  0.00018058 0.68696 0 0 0.4262 0.991 0.822 0 6.8788 0.004 0.00031581 2.1506
476  0.00018014 0.68721 0 0 0.4268 0.991 0.823 0 6.8785 0.002 0.0003151 2.151
477  0.00017971 0.68746 0 0 0.4272 0.991 0.823 0 6.8783 0.004 0.00031439 2.1514
478  0.00017928 0.6877 0 0 0.4276 0.991 0.823 0 6.878 0 0.00031368 2.1518
479  0.00017886 0.68795 0 0 0.4292 0.991 0.824 0 6.8778 0 0.00031298 2.1522
480  0.00017844 0.68819 0 0 0.4306 0.991 0.824 0 6.8776 0.002 0.00031229 2.1526
481  0.00017802 0.68843 0 0 0.431 0.991 0.824 0 6.8773 0 0.0003116 2.153
482  0.0001776 0.68867 0 0 0.4316 0.991 0.824 0 6.8771 0.001 0.00031091 2.1534
483  0.00017719 0.68891 0 0 0.4318 0.991 0.824 0 6.8768 0.004 0.00031023 2.1538
484  0.00017677 0.68915 0 0 0.4328 0.991 0.825 0 6.8766 0.002 0.00030955 2.1542
485  0.00017636 0.68939 0 0 0.4334 0.991 0.825 0 6.8763 0.003 0.00030887 2.1545
486  0.00017596 0.68962 0 0 0.4342 0.991 0.825 0 6.8761 0.005 0.0003082 2.1549
487  0.00017555 0.68986 0 0 0.4348 0.991 0.825 0 6.8759 0.002 0.00030754 2.1553
488  0.00017515 0.69009 0 0 0.4354 0.993 0.825 0 6.8756 0 0.00030687 2.1557
489  0.00017475 0.69032 0 0 0.4362 0.993 0.826 0 6.8754 0.002 0.00030621 2.1561
490  0.00017435 0.69055 0 0 0.4366 0.993 0.826 0 6.8752 0.001 0.00030556 2.1565
491  0.00017396 0.69079 0 0 0.4374 0.993 0.827 0 6.8749 0.002 0.00030491 2.1568
492  0.00017357 0.69101 0 0 0.4378 0.993 0.827 0 6.8747 0.002 0.00030426 2.1572
493  0.00017318 0.69124 0 0 0.4386 0.993 0.827 0 6.8744 0.006 0.00030361 2.1576
494  0.00017279 0.69147 0 0 0.4398 0.993 0.827 0 6.8742 0.004 0.00030297 2.158
495  0.0001724 0.6917 0 0 0.4404 0.993 0.828 0 6.874 0.001 0.00030233 2.1583
496  0.00017202 0.69192 0 0 0.4408 0.991 0.828 0 6.8737 0.001 0.0003017 2.1587
497  0.00017164 0.69214 0 0 0.4418 0.991 0.828 0 6.8735 0.002 0.00030107 2.1591
498  0.00017126 0.69237 0 0 0.4428 0.992 0.828 0 6.8733 0.002 0.00030044 2.1594
499  0.00017088 0.69259 0 0 0.4436 0.992 0.828 0 6.8731 0.001 0.00029981 2.1598
500  0.0001705 0.69281 0 0 0.4442 0.992 0.828 0 6.8728 0 0.00029919 2.1601
