Time 1 2 3 4 5 6 7 8
0  0.665 0 0.0002 0.0008 0.325 0.004 0 0.005
1  0.6638 0 0.0002 0.0008 0.327 0.002 0.0008 0.0054
2  0.6642 0 0.0002 0.0006 0.3282 0.0014 0.0008 0.0046
3  0.664 0 0 0.001 0.326 0.0036 0 0.0054
4  0.6646 0 0 0.0008 0.3258 0.0032 0 0.0056
5  0.6652 0 0 0.0006 0.3258 0.0026 0 0.0058
6  0.6652 0 0.0002 0.0006 0.3262 0.0022 0 0.0056
7  0.666 0 0 0.0008 0.3256 0.002 0 0.0056
8  0.666 0 0 0.0008 0.3262 0.0014 0 0.0056
9  0.6668 0 0.0002 0.0004 0.3252 0.0016 0 0.0058
10  0.6668 0 0.0004 0.0002 0.3238 0.003 0 0.0058
11  0.6674 0 0 0.0006 0.3228 0.0036 0 0.0056
12  0.6618 0 0.0004 0.0044 0.323 0.0032 0.0014 0.0058
13  0.657 0.0002 0.0012 0.0086 0.3234 0.0026 0.0012 0.0058
14  0.6414 0.0002 0.0024 0.0218 0.3232 0.0026 0.0014 0.007
15  0.6254 0 0.0032 0.0332 0.3232 0.0026 0.0022 0.0102
16  0.606 0 0.0042 0.0432 0.3228 0.0026 0.0058 0.0154
17  0.5866 0 0.0036 0.0576 0.3228 0.0026 0.0068 0.02
18  0.5632 0 0.006 0.0708 0.3226 0.0026 0.0092 0.0256
19  0.5484 0.0002 0.0076 0.0754 0.3218 0.0026 0.0096 0.0344
20  0.5288 0 0.0076 0.0882 0.3218 0.0026 0.0108 0.0402
21  0.5076 0 0.0086 0.0994 0.3218 0.0026 0.0112 0.0488
22  0.4844 0.0004 0.012 0.1082 0.3216 0.0026 0.0148 0.056
23  0.4694 0 0.01 0.1146 0.3216 0.0026 0.0122 0.0696
24  0.4518 0.0006 0.0086 0.1242 0.3216 0.0026 0.0126 0.078
25  0.435 0.0002 0.0118 0.1274 0.3214 0.0026 0.0098 0.0918
26  0.4154 0 0.0136 0.1344 0.3214 0.0026 0.0092 0.1034
27  0.4008 0.0002 0.0112 0.1394 0.321 0.0026 0.0078 0.117
28  0.3896 0.0002 0.0152 0.1346 0.321 0.0026 0.006 0.1308
29  0.378 0.0002 0.0152 0.133 0.3204 0.0026 0.0054 0.1452
30  0.3686 0 0.012 0.133 0.3204 0.0026 0.0048 0.1586
31  0.3582 0 0.014 0.1302 0.32 0.0026 0.0032 0.1718
32  0.3486 0 0.0122 0.1304 0.3198 0.0026 0.0036 0.1828
33  0.3402 0 0.0106 0.1274 0.3198 0.0026 0.0046 0.1948
34  0.3278 0.0002 0.0164 0.1234 0.3196 0.0026 0.005 0.205
35  0.316 0.0002 0.0132 0.1256 0.3196 0.0026 0.005 0.2178
36  0.3062 0 0.0118 0.1238 0.3196 0.0026 0.0052 0.2308
37  0.2978 0 0.0132 0.1212 0.3196 0.0026 0.0042 0.2414
38  0.288 0 0.0138 0.1194 0.3194 0.0026 0.0024 0.2544
39  0.2822 0 0.0118 0.117 0.319 0.0026 0.0028 0.2646
40  0.2748 0 0.0118 0.1122 0.3188 0.0026 0.0034 0.2764
41  0.2672 0.0002 0.0128 0.1086 0.3188 0.0026 0.0028 0.287
42  0.2648 0 0.0112 0.1022 0.3188 0.0026 0.0012 0.2992
43  0.2612 0 0.0138 0.0938 0.3184 0.0026 0 0.3102
44  0.2582 0 0.0092 0.0934 0.3182 0.0026 0 0.3184
45  0.2554 0 0.0106 0.088 0.3182 0.0026 0.0002 0.325
46  0.2512 0 0.0074 0.0892 0.318 0.0026 0.0002 0.3314
47  0.2488 0 0.0076 0.0838 0.3176 0.0026 0.0002 0.3394
48  0.2466 0.0002 0.007 0.0796 0.3174 0.0026 0.0004 0.3462
49  0.2424 0 0.0098 0.073 0.317 0.0026 0.0006 0.3546
50  0.2412 0 0.008 0.0702 0.317 0.0026 0.0008 0.3602
51  0.238 0 0.0096 0.0654 0.317 0.0026 0.0008 0.3666
52  0.234 0 0.0076 0.0642 0.317 0.0026 0.0018 0.3728
53  0.2318 0 0.009 0.06 0.3166 0.0026 0.001 0.379
54  0.2288 0 0.0076 0.0594 0.3166 0.0026 0.0004 0.3846
55  0.2258 0 0.0058 0.058 0.3166 0.0026 0.001 0.3902
56  0.2236 0 0.0062 0.0564 0.3166 0.0026 0.001 0.3936
57  0.221 0 0.007 0.055 0.3164 0.0026 0.0014 0.3966
58  0.2186 0.0002 0.0068 0.0518 0.316 0.0026 0.0018 0.4022
59  0.218 0.0002 0.007 0.0482 0.3156 0.0026 0.0014 0.407
60  0.217 0 0.0062 0.0462 0.3152 0.0026 0.001 0.4118
61  0.2138 0 0.0054 0.0476 0.3146 0.0026 0 0.416
62  0.2128 0 0.0052 0.0454 0.3142 0.0026 0 0.4198
63  0.2122 0 0.0042 0.0432 0.314 0.0026 0.0004 0.4234
64  0.212 0 0.0052 0.0386 0.3138 0.0026 0.0004 0.4274
65  0.2128 0 0.0056 0.0346 0.3132 0.0026 0.0004 0.4308
66  0.2118 0 0.0036 0.0344 0.313 0.0026 0 0.4346
67  0.2106 0 0.0052 0.0316 0.3128 0.0026 0 0.4372
68  0.2088 0 0.0044 0.033 0.3122 0.0026 0 0.439
69  0.2092 0 0.0028 0.0316 0.3122 0.0026 0 0.4416
70  0.209 0 0.004 0.0278 0.3116 0.0026 0 0.445
71  0.2094 0.0002 0.0028 0.0262 0.3116 0.0026 0 0.4472
72  0.2102 0.0004 0.0036 0.0238 0.3112 0.0026 0 0.4482
73  0.2092 0 0.004 0.022 0.311 0.0026 0 0.4512
74  0.2092 0 0.004 0.0206 0.3106 0.0026 0.0004 0.4526
75  0.2084 0 0.003 0.021 0.31 0.0026 0.0002 0.4548
76  0.2078 0.0002 0.0034 0.0194 0.3098 0.0026 0 0.4568
77  0.209 0 0.0034 0.0164 0.3098 0.0026 0 0.4588
78  0.2098 0 0.0022 0.015 0.3098 0.0026 0 0.4606
79  0.209 0.0002 0.0014 0.0172 0.309 0.0026 0 0.4606
80  0.2082 0 0.0022 0.0168 0.3088 0.0026 0 0.4614
81  0.2076 0 0.0024 0.0164 0.3086 0.0026 0 0.4624
82  0.2072 0 0.0034 0.0154 0.3084 0.0026 0 0.463
83  0.2076 0 0.0028 0.0146 0.308 0.0026 0 0.4644
84  0.2078 0 0.0016 0.0158 0.3076 0.0026 0 0.4646
85  0.2082 0 0.0032 0.0144 0.307 0.0026 0 0.4646
86  0.2088 0 0.0014 0.015 0.3062 0.0026 0 0.466
87  0.2076 0 0.0018 0.0146 0.306 0.0026 0 0.4674
88  0.2066 0 0.0024 0.0142 0.3058 0.0026 0.0004 0.468
89  0.2064 0 0.0018 0.0146 0.3056 0.0026 0.0004 0.4686
90  0.2066 0 0.0022 0.0138 0.3054 0.0026 0 0.4694
91  0.2056 0 0.0016 0.015 0.3052 0.0026 0 0.47
92  0.2064 0 0.0022 0.0134 0.305 0.0026 0 0.4704
93  0.2072 0 0.0024 0.0122 0.3046 0.0026 0 0.471
94  0.208 0 0.0014 0.0126 0.3044 0.0026 0 0.471
95  0.2072 0 0.0024 0.0126 0.3042 0.0026 0 0.471
96  0.208 0 0.0008 0.0132 0.3038 0.0026 0 0.4716
97  0.2076 0 0.0026 0.0114 0.3036 0.0026 0 0.4722
98  0.2068 0 0.0018 0.0122 0.3034 0.0026 0 0.4732
99  0.2066 0 0.0032 0.0102 0.303 0.0026 0 0.4744
100  0.2084 0 0.0014 0.0092 0.3028 0.0026 0.0002 0.4754
101  0.2098 0 0.0024 0.0074 0.3024 0.0026 0 0.4754
102  0.2096 0 0.001 0.0076 0.3022 0.0026 0 0.477
103  0.209 0 0.001 0.0082 0.302 0.0026 0 0.4772
104  0.2096 0 0.0012 0.0072 0.3018 0.0024 0 0.4778
105  0.2094 0 0.0018 0.0076 0.301 0.0024 0 0.4778
106  0.2104 0 0.0012 0.0076 0.3004 0.0024 0 0.478
107  0.2108 0 0.0012 0.0072 0.2998 0.0024 0 0.4786
108  0.2108 0 0.001 0.0068 0.2998 0.0024 0 0.4792
109  0.2092 0 0.0008 0.0082 0.2996 0.0024 0 0.4798
110  0.2096 0 0.0012 0.0072 0.2994 0.0024 0 0.4802
111  0.2104 0 0.0004 0.0072 0.2992 0.0024 0 0.4804
112  0.2102 0 0.0004 0.0074 0.299 0.0024 0 0.4806
113  0.2108 0 0.0008 0.0066 0.2984 0.0024 0 0.481
114  0.21 0 0.0016 0.006 0.2978 0.0024 0 0.4822
115  0.2098 0 0.0004 0.0072 0.297 0.0024 0 0.4832
116  0.2078 0.0002 0.0014 0.0076 0.2968 0.0022 0.0004 0.4836
117  0.2074 0 0.0004 0.0092 0.2966 0.0022 0.0002 0.484
118  0.2072 0 0.0004 0.01 0.2966 0.0022 0.0002 0.4834
119  0.207 0 0.001 0.0094 0.2964 0.0022 0 0.484
120  0.2068 0 0.001 0.0096 0.296 0.0022 0 0.4844
121  0.2046 0 0.0012 0.0112 0.296 0.0022 0 0.4848
122  0.2038 0 0.002 0.011 0.296 0.0022 0 0.485
123  0.204 0.0002 0.0016 0.0104 0.2954 0.0022 0 0.4862
124  0.2058 0 0.0018 0.0086 0.2946 0.0022 0 0.487
125  0.2062 0 0.001 0.0092 0.2944 0.0022 0 0.487
126  0.2062 0.0002 0.001 0.01 0.2942 0.0022 0 0.4862
127  0.2066 0 0.0006 0.0106 0.294 0.0022 0 0.486
128  0.207 0 0.0012 0.009 0.294 0.0022 0 0.4866
129  0.2068 0 0.0012 0.0076 0.294 0.0022 0 0.4882
130  0.207 0 0.001 0.0078 0.2938 0.0022 0 0.4882
131  0.2076 0 0.0002 0.0088 0.2936 0.0022 0 0.4876
132  0.2084 0 0.0012 0.0074 0.2928 0.0022 0 0.488
133  0.209 0 0.002 0.0054 0.2926 0.0022 0 0.4888
134  0.2094 0 0.0008 0.0064 0.2922 0.0022 0 0.489
135  0.2096 0 0.0008 0.007 0.2918 0.0022 0 0.4886
136  0.2094 0 0.0018 0.0062 0.2914 0.0022 0 0.489
137  0.2084 0 0.001 0.009 0.291 0.0022 0 0.4884
138  0.207 0 0.0014 0.0098 0.2908 0.0022 0 0.4888
139  0.208 0 0.0012 0.0094 0.2904 0.0022 0 0.4888
140  0.2096 0.0002 0.0014 0.0074 0.2904 0.0022 0 0.4888
141  0.2102 0 0.0008 0.0078 0.29 0.0022 0 0.489
142  0.2114 0 0.0012 0.0072 0.2892 0.0022 0 0.4888
143  0.2116 0 0.0008 0.0066 0.2888 0.0022 0 0.49
144  0.2116 0 0.001 0.0066 0.2884 0.0022 0 0.4902
145  0.2114 0.0002 0.0016 0.0058 0.2884 0.0022 0 0.4904
146  0.2118 0 0.0004 0.0062 0.2884 0.0022 0 0.491
147  0.212 0 0.0012 0.0052 0.288 0.0022 0 0.4914
148  0.2124 0.0002 0.0004 0.0056 0.288 0.0022 0 0.4912
149  0.2136 0 0.001 0.0044 0.2876 0.0022 0 0.4912
150  0.215 0 0.0006 0.0036 0.287 0.0022 0 0.4916
151  0.2156 0 0.0002 0.0038 0.2866 0.0022 0 0.4916
152  0.2162 0 0.0006 0.0032 0.2864 0.0022 0 0.4914
153  0.2168 0 0.0006 0.0034 0.2858 0.0022 0 0.4912
154  0.2168 0 0.0014 0.0038 0.285 0.0022 0 0.4908
155  0.218 0 0.0012 0.004 0.2846 0.0022 0 0.49
156  0.2178 0 0.0002 0.0052 0.2844 0.0022 0 0.4902
157  0.2186 0 0.0006 0.0042 0.2844 0.0022 0 0.49
158  0.22 0 0.0006 0.0042 0.2836 0.0022 0 0.4894
159  0.2204 0 0.0008 0.0044 0.2832 0.0022 0 0.489
160  0.2212 0.0002 0.0014 0.004 0.2824 0.0022 0 0.4886
161  0.2208 0 0.001 0.0046 0.2822 0.0022 0 0.4892
162  0.221 0 0.0018 0.0038 0.2818 0.0022 0 0.4894
163  0.2212 0 0.0016 0.0044 0.2816 0.0022 0 0.489
164  0.2216 0 0.001 0.0052 0.2814 0.0022 0 0.4886
165  0.2224 0 0.0008 0.0048 0.2812 0.0022 0 0.4886
166  0.2222 0 0.001 0.005 0.281 0.0022 0 0.4886
167  0.223 0 0.0002 0.0052 0.2806 0.0022 0 0.4888
168  0.223 0 0.001 0.0046 0.2804 0.0022 0 0.4888
169  0.2222 0 0.001 0.0066 0.2804 0.0022 0 0.4876
170  0.2226 0 0.0006 0.007 0.2802 0.0022 0 0.4874
171  0.2222 0 0.0002 0.0078 0.28 0.0022 0 0.4876
172  0.2216 0 0.0008 0.0068 0.28 0.0022 0 0.4886
173  0.2218 0 0.0004 0.0068 0.2798 0.0022 0 0.489
174  0.2218 0 0.0002 0.0074 0.2794 0.0022 0 0.489
175  0.221 0 0.001 0.0068 0.2792 0.0022 0 0.4898
176  0.2228 0.0002 0.001 0.0058 0.2786 0.0022 0 0.4894
177  0.223 0 0.0004 0.0066 0.2782 0.0022 0 0.4896
178  0.223 0 0.0006 0.0068 0.2782 0.0022 0 0.4892
179  0.2228 0 0.0012 0.0066 0.2778 0.0022 0 0.4894
180  0.2228 0 0.0004 0.0084 0.2776 0.0022 0 0.4886
181  0.2222 0 0.0012 0.0076 0.2776 0.0022 0 0.4892
182  0.2224 0 0.0012 0.0072 0.2772 0.0022 0 0.4898
183  0.223 0 0.0006 0.0078 0.2768 0.0022 0 0.4896
184  0.2238 0 0.0008 0.0068 0.2762 0.0022 0 0.4902
185  0.223 0 0.0016 0.0062 0.2758 0.0022 0 0.4912
186  0.2216 0 0.0014 0.0074 0.2754 0.0022 0.0004 0.4916
187  0.2192 0 0.0012 0.0098 0.2754 0.0022 0 0.4922
188  0.2178 0.0002 0.0014 0.0102 0.2752 0.0022 0 0.493
189  0.2172 0 0.001 0.0104 0.2752 0.0022 0.0002 0.4938
190  0.2176 0 0.0012 0.0096 0.275 0.0022 0.0002 0.4942
191  0.2182 0 0.0008 0.0094 0.2744 0.0022 0 0.495
192  0.2184 0 0.0016 0.0086 0.274 0.0022 0 0.4952
193  0.2186 0 0.0008 0.0082 0.274 0.0022 0.0004 0.4958
194  0.2194 0 0.0006 0.0084 0.2736 0.0022 0 0.4958
195  0.22 0 0.001 0.008 0.2734 0.0022 0 0.4954
196  0.2208 0 0.0014 0.007 0.2728 0.0022 0 0.4958
197  0.2212 0 0.0002 0.0074 0.2726 0.0022 0 0.4964
198  0.2216 0 0.0018 0.0048 0.2724 0.0022 0 0.4972
199  0.223 0 0.0012 0.0044 0.272 0.0022 0 0.4972
200  0.2238 0 0.0006 0.0044 0.2716 0.0022 0 0.4974
201  0.224 0 0.0006 0.0048 0.2716 0.0022 0 0.4968
202  0.2252 0 0.0008 0.0038 0.2712 0.0022 0 0.4968
203  0.2248 0 0.001 0.0044 0.2706 0.0022 0 0.497
204  0.2252 0 0.0008 0.0046 0.2702 0.0022 0 0.497
205  0.2252 0 0.0004 0.005 0.27 0.0022 0 0.4972
206  0.2252 0 0.0002 0.0046 0.27 0.0022 0 0.4978
207  0.2254 0 0.0006 0.004 0.2698 0.0022 0 0.498
208  0.2256 0 0 0.0046 0.2696 0.0022 0 0.498
209  0.2262 0 0.0004 0.0046 0.2692 0.0022 0 0.4974
210  0.2264 0 0.0012 0.0034 0.2692 0.0022 0 0.4976
211  0.224 0 0.0008 0.0054 0.2692 0.0022 0 0.4984
212  0.2246 0 0.0014 0.004 0.2688 0.0022 0 0.499
213  0.2246 0 0.0004 0.005 0.2688 0.0022 0 0.499
214  0.2248 0 0.0004 0.0052 0.268 0.0022 0 0.4994
215  0.2256 0 0.0012 0.0036 0.268 0.0022 0 0.4994
216  0.2264 0 0.0006 0.004 0.2676 0.0022 0 0.4992
217  0.2268 0 0.0004 0.004 0.2676 0.0022 0 0.499
218  0.2278 0 0.0004 0.0038 0.267 0.0022 0 0.4988
219  0.2282 0 0.0002 0.0036 0.267 0.0022 0 0.4988
220  0.2296 0 0.0006 0.003 0.2666 0.0022 0 0.498
221  0.23 0 0.0002 0.003 0.2666 0.0022 0 0.498
222  0.2306 0 0.0004 0.0026 0.2664 0.0022 0 0.4978
223  0.2314 0 0.0004 0.002 0.2664 0.0022 0 0.4976
224  0.2324 0 0.0006 0.0016 0.2656 0.0022 0 0.4976
225  0.233 0 0.0002 0.0018 0.2654 0.0022 0 0.4974
226  0.2332 0 0 0.0016 0.2654 0.0022 0 0.4976
227  0.234 0 0.0006 0.0014 0.265 0.0022 0 0.4968
228  0.2344 0 0.0004 0.001 0.2648 0.0022 0 0.4972
229  0.235 0 0.0004 0.0012 0.2644 0.0022 0 0.4968
230  0.2352 0 0 0.0016 0.2644 0.0022 0 0.4966
231  0.236 0 0.0004 0.0014 0.264 0.0022 0 0.496
232  0.2366 0 0.0004 0.0014 0.2636 0.0022 0 0.4958
233  0.2374 0 0 0.0016 0.2636 0.0022 0 0.4952
234  0.2384 0 0.0002 0.001 0.263 0.0022 0 0.4952
235  0.2384 0 0.0008 0.0006 0.2626 0.0022 0 0.4954
236  0.2382 0 0.0004 0.0024 0.2626 0.0022 0 0.4942
237  0.2394 0 0.0004 0.002 0.2624 0.0022 0 0.4936
238  0.24 0 0.0006 0.0018 0.262 0.0022 0 0.4934
239  0.242 0 0 0.0026 0.2614 0.0022 0 0.4918
240  0.2426 0 0.0002 0.0024 0.2612 0.0022 0 0.4914
241  0.2436 0 0.0004 0.0024 0.2608 0.0022 0 0.4906
242  0.2438 0 0.0004 0.0024 0.2606 0.0022 0 0.4906
243  0.245 0 0 0.0028 0.26 0.0022 0 0.49
244  0.2464 0 0.0002 0.0024 0.2596 0.0022 0 0.4892
245  0.2464 0 0.0004 0.003 0.2592 0.0022 0 0.4888
246  0.2466 0 0.0006 0.0024 0.2588 0.0022 0 0.4894
247  0.2464 0 0.0002 0.0034 0.2586 0.0022 0 0.4892
248  0.2474 0 0.0006 0.0028 0.258 0.0022 0 0.489
249  0.249 0 0.0006 0.0024 0.2578 0.0022 0 0.488
250  0.249 0 0.0004 0.003 0.2574 0.0022 0 0.488
251  0.25 0 0.0004 0.0024 0.2564 0.0022 0 0.4886
252  0.252 0 0.001 0.0014 0.2558 0.0022 0 0.4876
253  0.2532 0 0 0.0016 0.2556 0.0022 0 0.4874
254  0.2544 0 0.0004 0.001 0.2552 0.0022 0 0.4868
255  0.2542 0 0 0.002 0.255 0.0022 0 0.4866
256  0.2546 0 0.0006 0.001 0.2548 0.0022 0 0.4868
257  0.2562 0 0.0002 0.0008 0.2546 0.0022 0 0.486
258  0.2572 0 0 0.001 0.2544 0.0022 0 0.4852
259  0.2582 0 0.0002 0.0006 0.2542 0.0022 0 0.4846
260  0.259 0 0 0.0006 0.254 0.0022 0 0.4842
261  0.2596 0 0.0002 0.0002 0.2538 0.0022 0 0.484
262  0.2598 0 0 0.0004 0.2538 0.0022 0 0.4838
263  0.2602 0 0 0.0004 0.2536 0.0022 0 0.4836
264  0.261 0 0 0.0004 0.2536 0.0022 0 0.4828
265  0.2614 0 0.0002 0.0002 0.2534 0.0022 0 0.4826
266  0.2616 0 0 0.0004 0.2532 0.0022 0 0.4826
267  0.2626 0 0 0.0004 0.2526 0.0022 0 0.4822
268  0.2638 0 0 0.0004 0.2526 0.0022 0 0.481
269  0.2646 0 0.0004 0 0.2522 0.0022 0 0.4806
270  0.2658 0 0 0.0006 0.2516 0.0022 0 0.4798
271  0.266 0 0 0.0004 0.2516 0.0022 0 0.4798
272  0.267 0 0.0002 0 0.2512 0.0022 0 0.4794
273  0.267 0 0.0002 0.0004 0.2512 0.0022 0 0.479
274  0.267 0.0002 0.0004 0.0002 0.251 0.0022 0 0.479
275  0.2678 0 0.0002 0.0002 0.251 0.0022 0 0.4786
276  0.269 0 0 0.0002 0.2508 0.0022 0 0.4778
277  0.2696 0 0 0.0002 0.2506 0.0022 0 0.4774
278  0.2708 0 0 0.0002 0.2502 0.0022 0 0.4766
279  0.2716 0 0 0.0002 0.2502 0.0022 0 0.4758
280  0.2722 0 0 0.0002 0.2498 0.0022 0 0.4756
281  0.2728 0 0 0.0002 0.2496 0.0022 0 0.4752
282  0.2738 0 0 0.0002 0.2492 0.0022 0 0.4746
283  0.2744 0 0 0.0002 0.249 0.0022 0 0.4742
284  0.2746 0 0 0 0.249 0.0022 0 0.4742
285  0.2762 0 0 0.0002 0.2482 0.0022 0 0.4732
286  0.2762 0 0 0.0002 0.2482 0.0022 0 0.4732
287  0.2766 0 0 0.0002 0.2482 0.0022 0 0.4728
288  0.2774 0 0 0 0.2478 0.0022 0 0.4726
289  0.278 0 0 0.0002 0.2472 0.0022 0 0.4724
290  0.279 0 0 0.0002 0.247 0.0022 0 0.4716
291  0.2804 0 0 0.0002 0.2464 0.0022 0 0.4708
292  0.2818 0 0 0.0002 0.2462 0.0022 0 0.4696
293  0.283 0 0 0.0002 0.2458 0.0022 0 0.4688
294  0.2834 0 0 0.0002 0.2456 0.0022 0 0.4686
295  0.2844 0 0 0.0002 0.2452 0.0022 0 0.468
296  0.2846 0 0 0.0002 0.245 0.0022 0 0.468
297  0.285 0 0.0002 0 0.245 0.0022 0 0.4676
298  0.2856 0 0.0002 0 0.2448 0.0022 0 0.4672
299  0.2864 0 0 0.0002 0.2444 0.0022 0 0.4668
300  0.2868 0 0.0002 0.0002 0.244 0.0022 0 0.4666
301  0.2874 0 0 0.0004 0.2436 0.0022 0 0.4664
302  0.2882 0 0 0.0004 0.2436 0.0022 0 0.4656
303  0.2892 0 0 0.0006 0.2428 0.0022 0 0.4652
304  0.2898 0 0 0.0008 0.2424 0.0022 0 0.4648
305  0.2906 0 0 0.001 0.2422 0.0022 0 0.464
306  0.2916 0 0 0.001 0.2416 0.0022 0 0.4636
307  0.2924 0 0 0.001 0.2416 0.0022 0 0.4628
308  0.294 0 0 0.001 0.2408 0.0022 0 0.462
309  0.2948 0 0 0.0008 0.2402 0.0022 0 0.462
310  0.2958 0 0.0002 0.0006 0.2398 0.0022 0 0.4614
311  0.2962 0 0.0002 0.0006 0.2398 0.0022 0 0.461
312  0.2964 0 0 0.0008 0.2398 0.0022 0 0.4608
313  0.2976 0 0.0002 0.0006 0.2394 0.0022 0 0.46
314  0.2984 0 0.0002 0.0006 0.2394 0.0022 0 0.4592
315  0.2994 0 0 0.0006 0.239 0.0022 0 0.4588
316  0.3006 0 0.0002 0.0004 0.2386 0.0022 0 0.458
317  0.3016 0 0 0.0008 0.2382 0.0022 0 0.4572
318  0.3028 0 0 0.0008 0.238 0.0022 0 0.4562
319  0.304 0 0 0.0008 0.2374 0.0022 0 0.4556
320  0.304 0 0 0.0006 0.2374 0.0022 0 0.4558
321  0.3046 0 0.0002 0.0006 0.237 0.0022 0 0.4554
322  0.3056 0 0.0002 0.0004 0.2368 0.0022 0 0.4548
323  0.3058 0 0.0004 0.0004 0.2364 0.0022 0 0.4548
324  0.3064 0 0 0.0006 0.2362 0.0022 0 0.4546
325  0.3072 0 0 0.0006 0.2358 0.0022 0 0.4542
326  0.3084 0 0 0.0004 0.2352 0.0022 0 0.4538
327  0.3092 0 0 0.0004 0.2346 0.0022 0 0.4536
328  0.31 0 0 0.0004 0.234 0.0022 0 0.4534
329  0.3108 0 0 0.0002 0.2338 0.0022 0 0.453
330  0.312 0 0 0.0002 0.2336 0.0022 0 0.452
331  0.3128 0 0 0.0002 0.2332 0.0022 0 0.4516
332  0.313 0 0 0.0002 0.2332 0.0022 0 0.4514
333  0.3138 0 0 0.0002 0.233 0.0022 0 0.4508
334  0.3146 0.0002 0 0.0002 0.2324 0.0022 0 0.4504
335  0.3154 0 0 0.0002 0.2324 0.0022 0 0.4498
336  0.3162 0 0 0 0.2322 0.0022 0 0.4494
337  0.317 0 0 0.0002 0.2314 0.0022 0 0.4492
338  0.3174 0 0 0 0.2312 0.0022 0 0.4492
339  0.3178 0 0 0 0.231 0.0022 0 0.449
340  0.3182 0 0 0 0.2308 0.0022 0 0.4488
341  0.3186 0 0 0 0.2306 0.0022 0 0.4486
342  0.32 0 0 0.0002 0.2302 0.0022 0 0.4474
343  0.3204 0 0 0 0.23 0.0022 0 0.4474
344  0.3214 0 0 0 0.2298 0.0022 0 0.4466
345  0.3226 0 0 0 0.229 0.0022 0 0.4462
346  0.3236 0 0.0002 0 0.2288 0.0022 0 0.4452
347  0.3244 0 0 0 0.2288 0.0022 0 0.4446
348  0.3246 0 0 0 0.2288 0.0022 0 0.4444
349  0.3254 0 0 0 0.2286 0.0022 0 0.4438
350  0.3268 0 0 0 0.2284 0.0022 0 0.4426
351  0.3276 0 0 0 0.2278 0.0022 0 0.4424
352  0.329 0 0 0 0.2272 0.0022 0 0.4416
353  0.3298 0 0 0 0.227 0.0022 0 0.441
354  0.3306 0 0 0 0.2268 0.0022 0 0.4404
355  0.3312 0 0 0 0.2268 0.0022 0 0.4398
356  0.3316 0 0 0 0.2268 0.0022 0 0.4394
357  0.3326 0 0 0 0.2264 0.0022 0 0.4388
358  0.333 0 0 0 0.2262 0.0022 0 0.4386
359  0.3342 0 0 0.0002 0.2256 0.0022 0 0.4378
360  0.3362 0 0 0.0002 0.2252 0.0022 0 0.4362
361  0.3366 0 0 0.0002 0.2252 0.0022 0 0.4358
362  0.3374 0 0 0.0002 0.225 0.0022 0 0.4352
363  0.338 0 0 0.0002 0.225 0.0022 0 0.4346
364  0.339 0.0002 0 0.0002 0.2242 0.0022 0 0.4342
365  0.3398 0 0 0.0002 0.2238 0.0022 0 0.434
366  0.34 0 0 0.0002 0.2236 0.0022 0 0.434
367  0.3416 0 0 0.0002 0.2232 0.0022 0 0.4328
368  0.3424 0 0 0.0002 0.2232 0.0022 0 0.432
369  0.3432 0 0 0.0004 0.223 0.0022 0 0.4312
370  0.3438 0 0 0.0004 0.223 0.0022 0 0.4306
371  0.3448 0 0 0.0002 0.2228 0.0022 0 0.43
372  0.3454 0 0 0.0002 0.2228 0.0022 0 0.4294
373  0.3458 0 0.0002 0 0.2226 0.0022 0 0.4292
374  0.347 0 0 0.0002 0.2216 0.0022 0 0.429
375  0.3478 0 0 0.0002 0.2214 0.0022 0 0.4284
376  0.3484 0 0 0.0002 0.221 0.0022 0 0.4282
377  0.3496 0 0 0.0002 0.2206 0.0022 0 0.4274
378  0.3502 0 0 0 0.2202 0.0022 0 0.4274
379  0.3504 0 0 0 0.2202 0.0022 0 0.4272
380  0.3522 0 0.0002 0 0.2198 0.0022 0 0.4256
381  0.353 0 0 0 0.2194 0.0022 0 0.4254
382  0.3538 0 0 0 0.219 0.0022 0 0.425
383  0.3548 0 0 0.0002 0.2186 0.0022 0 0.4242
384  0.3554 0 0 0.0004 0.2186 0.0022 0 0.4234
385  0.3562 0 0 0.0006 0.2184 0.0022 0 0.4226
386  0.3572 0 0 0.0006 0.2182 0.0022 0 0.4218
387  0.3582 0 0 0.0006 0.218 0.0022 0 0.421
388  0.3584 0 0 0.0006 0.2178 0.0022 0 0.421
389  0.3594 0 0 0.0008 0.2174 0.0022 0 0.4202
390  0.3602 0 0.0002 0.0006 0.2174 0.0022 0 0.4194
391  0.3604 0 0 0.0008 0.2174 0.0022 0 0.4192
392  0.361 0 0 0.0006 0.2172 0.0022 0 0.419
393  0.3616 0 0 0.0008 0.2172 0.0022 0 0.4182
394  0.3632 0 0 0.001 0.2166 0.0022 0 0.417
395  0.3646 0 0.0002 0.0008 0.2164 0.0022 0 0.4158
396  0.3652 0 0 0.001 0.2158 0.0022 0 0.4158
397  0.3668 0 0.0004 0.0004 0.2154 0.0022 0 0.4148
398  0.3672 0 0 0.0006 0.2154 0.0022 0 0.4146
399  0.368 0 0.0002 0.0004 0.215 0.0022 0 0.4142
400  0.3694 0 0.0002 0.0004 0.2148 0.0022 0 0.413
401  0.3704 0 0 0.0006 0.2146 0.0022 0 0.4122
402  0.3716 0 0.0004 0.0002 0.214 0.0022 0 0.4116
403  0.372 0 0 0.0004 0.214 0.0022 0 0.4114
404  0.3736 0 0.0002 0.0004 0.2134 0.0022 0 0.4102
405  0.374 0 0.0006 0.0008 0.2126 0.0022 0 0.4098
406  0.375 0 0 0.001 0.2124 0.0022 0 0.4094
407  0.3758 0 0.0004 0.0008 0.2122 0.0022 0 0.4086
408  0.376 0 0 0.0014 0.2122 0.0022 0 0.4082
409  0.3764 0 0.0004 0.0008 0.2118 0.0022 0 0.4084
410  0.377 0 0 0.001 0.2116 0.0022 0 0.4082
411  0.3772 0 0.0004 0.0006 0.2114 0.0022 0 0.4082
412  0.3784 0 0.0004 0.0006 0.2108 0.0022 0 0.4076
413  0.3792 0 0.0002 0.0008 0.2104 0.0022 0 0.4072
414  0.3798 0 0.0004 0.0006 0.2102 0.0022 0 0.4068
415  0.3812 0 0.0002 0.0006 0.2098 0.0022 0 0.406
416  0.3826 0.0002 0 0.0008 0.2094 0.0022 0 0.4048
417  0.3834 0 0 0.0008 0.209 0.0022 0 0.4046
418  0.3844 0 0.0002 0.0008 0.2086 0.0022 0 0.4038
419  0.3848 0 0.0004 0.001 0.2082 0.0022 0 0.4034
420  0.3848 0 0 0.0016 0.208 0.0022 0 0.4034
421  0.3852 0 0 0.0014 0.2078 0.0022 0 0.4034
422  0.3864 0 0.0006 0.0006 0.2072 0.0022 0 0.403
423  0.3872 0 0.0004 0.0004 0.2066 0.0022 0 0.4032
424  0.387 0 0 0.001 0.2064 0.0022 0 0.4034
425  0.3876 0 0.0004 0.001 0.2062 0.0022 0 0.4026
426  0.388 0 0.0002 0.0012 0.2058 0.0022 0 0.4026
427  0.3882 0 0.0004 0.001 0.2058 0.0022 0 0.4024
428  0.3892 0 0 0.0014 0.2056 0.0022 0 0.4016
429  0.3898 0 0.0002 0.0012 0.2056 0.0022 0 0.401
430  0.3908 0 0.0002 0.0012 0.2052 0.0022 0 0.4004
431  0.392 0 0.0002 0.001 0.205 0.0022 0 0.3996
432  0.393 0 0 0.0012 0.2044 0.0022 0 0.3992
433  0.3936 0 0.0002 0.001 0.204 0.0022 0 0.399
434  0.394 0 0.0002 0.0008 0.204 0.0022 0 0.3988
435  0.3956 0 0 0.001 0.2034 0.0022 0 0.3978
436  0.397 0 0 0.0002 0.2032 0.0022 0 0.3974
437  0.3978 0 0.0002 0 0.2028 0.0022 0 0.397
438  0.3988 0 0 0.0002 0.2026 0.0022 0 0.3962
439  0.3992 0 0 0 0.2026 0.0022 0 0.396
440  0.3996 0 0 0 0.2024 0.0022 0 0.3958
441  0.4 0 0 0 0.2024 0.0022 0 0.3954
442  0.4006 0 0 0 0.2024 0.0022 0 0.3948
443  0.401 0 0 0 0.2022 0.0022 0 0.3946
444  0.4016 0 0 0 0.2018 0.0022 0 0.3944
445  0.4026 0 0 0 0.2014 0.0022 0 0.3938
446  0.403 0 0 0 0.201 0.0022 0 0.3938
447  0.4032 0 0 0 0.201 0.0022 0 0.3936
448  0.404 0 0 0 0.2006 0.0022 0 0.3932
449  0.4048 0 0 0.0002 0.2004 0.0022 0 0.3924
450  0.4054 0 0.0002 0 0.2004 0.0022 0 0.3918
451  0.4056 0 0 0.0002 0.2004 0.002 0 0.3918
452  0.4062 0 0.0002 0 0.2 0.002 0 0.3916
453  0.4074 0 0 0.0002 0.1994 0.002 0 0.391
454  0.4086 0 0 0.0002 0.1988 0.002 0 0.3904
455  0.4094 0 0 0.0002 0.1984 0.002 0 0.39
456  0.4102 0 0 0.0002 0.1982 0.002 0 0.3894
457  0.411 0 0 0.0002 0.1982 0.002 0 0.3886
458  0.412 0 0 0.0002 0.1978 0.002 0 0.388
459  0.4124 0 0 0.0002 0.1976 0.002 0 0.3878
460  0.4132 0 0 0.0002 0.1976 0.002 0 0.387
461  0.4138 0 0 0.0002 0.1976 0.002 0 0.3864
462  0.4146 0 0 0.0002 0.1976 0.002 0 0.3856
463  0.4156 0 0 0.0002 0.1976 0.002 0 0.3846
464  0.4168 0 0 0 0.1972 0.002 0 0.384
465  0.4174 0 0 0 0.197 0.002 0 0.3836
466  0.4186 0 0 0 0.1962 0.002 0 0.3832
467  0.419 0 0 0 0.196 0.002 0 0.383
468  0.4192 0 0 0 0.196 0.002 0 0.3828
469  0.4204 0 0 0 0.1954 0.002 0 0.3822
470  0.4214 0 0 0 0.1952 0.002 0 0.3814
471  0.4218 0 0 0 0.195 0.002 0 0.3812
472  0.4226 0 0 0 0.195 0.002 0 0.3804
473  0.4238 0 0 0 0.1946 0.002 0 0.3796
474  0.424 0 0 0 0.1946 0.002 0 0.3794
475  0.425 0 0 0 0.194 0.002 0 0.379
476  0.4262 0 0 0 0.1936 0.002 0 0.3782
477  0.4268 0 0 0 0.1934 0.002 0 0.3778
478  0.4272 0 0 0 0.1932 0.002 0 0.3776
479  0.4276 0 0 0 0.193 0.002 0 0.3774
480  0.4292 0 0 0 0.1924 0.002 0 0.3764
481  0.4306 0 0 0 0.1918 0.002 0 0.3756
482  0.4308 0.0002 0 0 0.1918 0.002 0 0.3752
483  0.4316 0 0 0 0.1916 0.002 0 0.3748
484  0.4318 0 0 0 0.1916 0.002 0 0.3746
485  0.4328 0 0 0 0.1912 0.002 0 0.374
486  0.4334 0 0 0 0.1906 0.002 0 0.374
487  0.4342 0 0 0 0.1906 0.002 0 0.3732
488  0.4348 0 0 0 0.1906 0.002 0 0.3726
489  0.4354 0 0 0 0.1904 0.002 0 0.3722
490  0.4362 0 0 0 0.19 0.002 0 0.3718
491  0.4366 0 0 0 0.1896 0.002 0 0.3718
492  0.4374 0 0 0 0.1894 0.002 0 0.3712
493  0.4378 0 0 0 0.1892 0.002 0 0.371
494  0.4386 0 0 0 0.1888 0.002 0 0.3706
495  0.4398 0 0 0 0.1882 0.002 0 0.37
496  0.4404 0 0 0 0.188 0.002 0 0.3696
497  0.4408 0 0 0 0.188 0.002 0 0.3692
498  0.4418 0 0 0 0.1872 0.002 0 0.369
499  0.4428 0 0 0 0.187 0.002 0 0.3682
500  0.4436 0 0 0 0.1868 0.002 0 0.3676
